3cf3 96 36 3
3cf3 442 102 4
3cf3 367 133 7
3cf3 374 169 4
3cf3 456 157 11
3cf3 86 157 19
3cf3 329 328 18
3cf3 379 52 20
3cf3 196 160 19
3cf3 469 278 19
3cf3 219 308 18
3cf3 282 66 18
3cf3 93 281 21
3cf3 110 403 21
3cf3 123 416 19
3cf3 192 279 21
3cf3 286 343 22
3cf3 193 66 26
3cf3 37 206 25
3cf3 46 267 23
3cf3 139 316 25
3cf3 181 357 27
3cf3 379 92 25
3cf3 119 120 28
3cf3 246 45 28
3cf3 334 111 28
3cf3 139 145 21
3cf3 77 358 21
3cf3 158 394 21
3cf3 356 106 29
3cf3 151 433 27
3cf3 242 452 28
3cf3 333 38 30
3cf3 76 355 25
3cf3 440 489 32
3cf3 88 447 33
3cf3 89 308 35
3cf3 88 344 36
3cf3 313 411 38
3cf3 451 252 38
3cf3 55 357 37
3cf3 168 113 39
3cf3 159 419 39
3cf3 284 168 41
3cf3 195 27 43
3cf3 307 59 36
3cf3 337 65 42
3cf3 339 184 45
3cf3 138 34 41
3cf3 78 182 45
3cf3 235 448 46
3cf3 455 219 42
3cf3 179 251 46
3cf3 468 296 48
3cf3 312 134 44
3cf3 321 54 49
3cf3 305 424 50
3cf3 193 289 44
3cf3 361 424 46
3cf3 300 444 49
3cf3 219 245 51
3cf3 132 257 53
3cf3 132 466 51
3cf3 220 175 55
3cf3 211 220 52
3cf3 110 321 55
3cf3 141 353 50
3cf3 419 421 54
3cf3 154 56 56
3cf3 355 381 55
3cf3 122 400 57
3cf3 196 42 59
3cf3 240 140 59
3cf3 407 175 59
3cf3 415 297 61
3cf3 441 137 55
3cf3 490 435 61
3cf3 466 325 64
3cf3 302 58 62
3cf3 282 162 64
3cf3 235 474 62
3cf3 456 139 65
3cf3 175 95 66
3cf3 172 57 67
3cf3 370 65 67
3cf3 231 175 67
3cf3 386 339 67
3cf3 166 461 68
3cf3 368 289 66
3cf3 50 261 73
3cf3 232 399 72
3cf3 460 469 75
3cf3 481 67 73
3cf3 58 137 78
3cf3 216 157 75
3cf3 468 183 73
3cf3 170 321 78
3cf3 331 369 78
3cf3 388 409 74
3cf3 192 415 73
3cf3 436 428 79
3cf3 66 478 75
3cf3 429 15 74
3cf3 135 317 80
3cf3 296 44 81
3cf3 280 369 83
3cf3 340 399 84
3cf3 251 426 83
3cf3 395 472 84
3cf3 201 108 84
3cf3 262 397 85
3cf3 263 165 88
3cf3 170 344 89
3cf3 371 190 88
3cf3 224 344 85
3cf3 51 467 89
3cf3 134 61 89
3cf3 65 308 88
3cf3 343 197 89
3cf3 406 182 90
3cf3 226 456 91
3cf3 178 185 92
3cf3 379 70 89
3cf3 157 100 90
3cf3 404 337 97
3cf3 34 471 96
3cf3 416 127 97
3cf3 441 50 98
3cf3 487 102 97
3cf3 110 447 99
3cf3 386 69 92
3cf3 39 267 93
3cf3 225 426 97
3cf3 119 255 99
3cf3 123 477 93
3cf3 422 56 101
3cf3 20 362 100
3cf3 126 480 94
3cf3 473 226 99
3cf3 121 483 96
3cf3 241 112 103
3cf3 299 246 103
3cf3 182 84 104
3cf3 159 138 104
3cf3 321 94 107
3cf3 452 279 108
3cf3 98 201 108
3cf3 488 84 110
3cf3 330 49 111
3cf3 138 274 112
3cf3 176 473 110
3cf3 135 476 110
3cf3 207 480 113
3cf3 102 325 108
3cf3 239 38 115
3cf3 466 340 115
3cf3 317 489 116
3cf3 52 402 118
3cf3 180 125 118
3cf3 81 148 120
3cf3 478 266 120
3cf3 121 39 120
3cf3 25 433 115
3cf3 157 76 122
3cf3 463 401 121
3cf3 78 19 123
3cf3 391 175 122
3cf3 213 208 123
3cf3 74 489 125
3cf3 482 353 125
3cf3 118 285 124
3cf3 76 275 131
3cf3 408 25 130
3cf3 37 148 133
3cf3 462 299 131
3cf3 27 390 132
3cf3 208 236 132
3cf3 195 43 134
3cf3 307 56 129
3cf3 268 66 134
3cf3 154 169 130
3cf3 102 260 130
3cf3 266 377 134
3cf3 33 493 132
3cf3 353 26 130
3cf3 281 167 136
3cf3 163 352 136
3cf3 383 106 135
3cf3 165 412 137
3cf3 175 190 139
3cf3 137 474 141
3cf3 78 64 140
3cf3 474 348 141
3cf3 271 425 143
3cf3 24 182 144
3cf3 442 407 140
3cf3 132 30 147
3cf3 272 232 141
3cf3 61 387 148
3cf3 490 467 146
3cf3 80 468 144
3cf3 465 20 147
3cf3 390 25 147
3cf3 245 32 149
3cf3 447 379 149
3cf3 59 102 148
3cf3 455 413 153
3cf3 435 36 152
3cf3 381 220 152
3cf3 102 23 154
3cf3 347 320 153
3cf3 367 92 154
3cf3 248 125 153
3cf3 314 212 154
3cf3 226 366 153
3cf3 72 188 155
3cf3 201 73 149
3cf3 103 269 150
3cf3 405 161 158
3cf3 224 98 158
3cf3 363 155 157
3cf3 139 444 158
3cf3 113 492 159
3cf3 395 71 160
3cf3 108 269 154
3cf3 339 474 159
3cf3 111 444 157
3cf3 50 145 158
3cf3 41 239 162
3cf3 109 412 162
3cf3 59 236 164
3cf3 130 131 158
3cf3 99 174 163
3cf3 65 396 165
3cf3 96 354 164
3cf3 115 355 166
3cf3 125 126 162
3cf3 19 219 168
3cf3 28 262 167
3cf3 189 288 167
3cf3 211 298 168
3cf3 417 391 168
3cf3 98 477 170
3cf3 80 484 169
3cf3 236 259 171
3cf3 351 263 170
3cf3 180 308 172
3cf3 277 352 170
3cf3 487 440 172
3cf3 349 424 174
3cf3 160 240 174
3cf3 234 473 174
3cf3 182 61 174
3cf3 337 349 176
3cf3 405 109 176
3cf3 18 291 176
3cf3 242 38 174
3cf3 336 81 176
3cf3 125 92 178
3cf3 126 483 177
3cf3 161 84 178
3cf3 20 308 179
3cf3 362 315 175
3cf3 60 445 178
3cf3 372 161 179
3cf3 427 22 179
3cf3 67 68 176
3cf3 66 75 176
3cf3 284 424 180
3cf3 80 82 183
3cf3 317 249 186
3cf3 83 88 188
3cf3 81 436 188
3cf3 86 183 194
