1bxn 287 301 12
1bxn 109 343 12
1bxn 123 274 14
1bxn 490 91 15
1bxn 33 138 15
1bxn 441 231 15
1bxn 428 254 15
1bxn 166 164 16
1bxn 323 402 17
1bxn 172 76 18
1bxn 61 446 18
1bxn 334 303 20
1bxn 30 363 19
1bxn 320 364 19
1bxn 463 236 19
1bxn 274 394 20
1bxn 424 445 20
1bxn 190 468 20
1bxn 230 401 21
1bxn 287 42 22
1bxn 217 152 22
1bxn 370 163 23
1bxn 127 374 23
1bxn 409 55 24
1bxn 393 135 24
1bxn 257 254 23
1bxn 197 313 24
1bxn 427 183 25
1bxn 350 337 25
1bxn 205 116 27
1bxn 304 139 26
1bxn 477 199 27
1bxn 379 404 27
1bxn 487 425 27
1bxn 292 486 27
1bxn 472 496 28
1bxn 208 50 28
1bxn 259 477 29
1bxn 112 371 30
1bxn 98 391 30
1bxn 368 48 32
1bxn 286 434 33
1bxn 477 168 36
1bxn 219 442 35
1bxn 78 147 37
1bxn 87 125 37
1bxn 257 453 38
1bxn 289 168 39
1bxn 172 456 41
1bxn 71 16 42
1bxn 423 287 43
1bxn 137 136 43
1bxn 401 364 44
1bxn 480 382 44
1bxn 371 382 44
1bxn 276 134 46
1bxn 442 407 47
1bxn 356 424 47
1bxn 146 353 48
1bxn 365 441 49
1bxn 122 134 50
1bxn 85 235 51
1bxn 216 84 52
1bxn 298 251 52
1bxn 322 465 52
1bxn 493 120 53
1bxn 282 452 54
1bxn 155 492 53
1bxn 493 37 54
1bxn 50 444 58
1bxn 315 479 58
1bxn 211 102 60
1bxn 480 464 59
1bxn 18 337 60
1bxn 252 339 60
1bxn 488 143 61
1bxn 123 218 60
1bxn 490 276 63
1bxn 455 313 64
1bxn 372 413 63
1bxn 468 283 65
1bxn 149 347 65
1bxn 441 108 66
1bxn 222 259 65
1bxn 227 361 64
1bxn 127 435 66
1bxn 301 164 68
1bxn 270 69 71
1bxn 341 266 68
1bxn 351 391 70
1bxn 450 279 71
1bxn 35 200 72
1bxn 435 395 69
1bxn 259 35 75
1bxn 207 53 76
1bxn 496 67 77
1bxn 427 318 78
1bxn 372 321 76
1bxn 254 326 77
1bxn 72 341 74
1bxn 65 384 75
1bxn 300 461 75
1bxn 468 439 79
1bxn 221 223 80
1bxn 231 108 82
1bxn 291 226 82
1bxn 48 71 83
1bxn 360 338 82
1bxn 302 493 83
1bxn 478 127 84
1bxn 31 57 85
1bxn 256 105 85
1bxn 81 184 87
1bxn 46 409 87
1bxn 191 132 87
1bxn 433 154 85
1bxn 170 211 88
1bxn 13 104 89
1bxn 464 157 89
1bxn 91 310 89
1bxn 465 343 89
1bxn 463 254 89
1bxn 309 464 91
1bxn 449 485 92
1bxn 162 255 92
1bxn 270 335 92
1bxn 195 365 92
1bxn 27 24 93
1bxn 381 65 91
1bxn 396 287 93
1bxn 94 103 94
1bxn 175 46 96
1bxn 83 148 98
1bxn 181 128 99
1bxn 122 155 99
1bxn 53 200 99
1bxn 289 49 97
1bxn 350 62 99
1bxn 299 290 97
1bxn 401 201 102
1bxn 250 398 102
1bxn 253 424 102
1bxn 104 19 102
1bxn 394 483 103
1bxn 180 492 104
1bxn 460 97 105
1bxn 15 400 105
1bxn 487 14 106
1bxn 68 114 107
1bxn 61 132 108
1bxn 135 144 107
1bxn 29 429 108
1bxn 285 494 107
1bxn 159 317 109
1bxn 354 182 110
1bxn 468 320 110
1bxn 246 188 111
1bxn 255 18 114
1bxn 256 361 114
1bxn 349 382 115
1bxn 72 453 112
1bxn 382 401 117
1bxn 321 408 116
1bxn 371 437 116
1bxn 375 215 118
1bxn 257 250 118
1bxn 109 449 118
1bxn 137 497 118
1bxn 145 31 115
1bxn 186 254 119
1bxn 25 46 120
1bxn 198 82 120
1bxn 21 188 122
1bxn 260 400 121
1bxn 413 480 122
1bxn 447 492 122
1bxn 270 228 123
1bxn 363 274 122
1bxn 147 466 124
1bxn 186 335 124
1bxn 463 226 127
1bxn 228 478 127
1bxn 194 100 129
1bxn 362 349 130
1bxn 429 356 124
1bxn 246 38 131
1bxn 346 148 131
1bxn 227 283 131
1bxn 80 443 126
1bxn 449 14 133
1bxn 236 70 127
1bxn 96 173 133
1bxn 146 282 134
1bxn 38 299 134
1bxn 146 440 133
1bxn 35 102 135
1bxn 366 498 134
1bxn 255 122 136
1bxn 57 86 138
1bxn 282 396 138
1bxn 170 454 139
1bxn 206 111 140
1bxn 434 167 139
1bxn 46 342 140
1bxn 421 34 142
1bxn 45 315 142
1bxn 291 444 145
1bxn 329 174 145
1bxn 255 441 147
1bxn 340 249 148
1bxn 237 285 144
1bxn 199 75 149
1bxn 439 263 151
1bxn 249 266 152
1bxn 364 279 154
1bxn 274 474 153
1bxn 492 486 154
1bxn 262 86 154
1bxn 434 135 155
1bxn 483 180 155
1bxn 213 237 152
1bxn 249 217 156
1bxn 81 440 157
1bxn 279 273 158
1bxn 256 282 158
1bxn 414 77 159
1bxn 385 109 159
1bxn 485 145 160
1bxn 75 218 161
1bxn 117 251 161
1bxn 243 361 163
1bxn 473 380 167
1bxn 112 456 167
1bxn 305 179 169
1bxn 262 442 169
1bxn 212 496 169
1bxn 170 328 170
1bxn 114 17 171
1bxn 405 39 173
1bxn 470 154 172
1bxn 487 364 172
1bxn 65 495 174
1bxn 156 169 175
1bxn 137 143 176
1bxn 103 32 177
1bxn 38 119 178
1bxn 36 220 178
1bxn 115 260 178
1bxn 15 169 179
1bxn 273 162 180
1bxn 491 236 181
1bxn 310 473 180
1bxn 414 158 181
1bxn 148 496 181
1bxn 291 108 183
1bxn 441 220 184
1bxn 195 280 184
1bxn 218 401 184
1bxn 479 57 184
1bxn 404 86 185
1bxn 142 416 185
