3gl1 58 22 10
3gl1 412 116 12
3gl1 464 449 14
3gl1 151 481 12
3gl1 285 414 14
3gl1 284 418 13
3gl1 43 449 17
3gl1 141 332 18
3gl1 12 116 18
3gl1 470 213 19
3gl1 145 45 20
3gl1 418 166 21
3gl1 25 460 23
3gl1 428 124 25
3gl1 183 264 28
3gl1 67 455 27
3gl1 40 42 27
3gl1 118 425 31
3gl1 13 456 29
3gl1 120 256 32
3gl1 486 61 32
3gl1 401 64 33
3gl1 174 59 33
3gl1 415 169 34
3gl1 464 465 34
3gl1 119 400 34
3gl1 433 426 33
3gl1 385 434 34
3gl1 438 274 36
3gl1 123 321 38
3gl1 29 345 38
3gl1 179 484 37
3gl1 29 112 38
3gl1 357 213 37
3gl1 180 467 38
3gl1 89 264 39
3gl1 183 159 41
3gl1 109 180 39
3gl1 364 84 41
3gl1 470 141 41
3gl1 53 95 45
3gl1 293 206 42
3gl1 291 377 44
3gl1 201 390 45
3gl1 340 163 47
3gl1 121 415 47
3gl1 340 14 50
3gl1 62 85 49
3gl1 412 24 51
3gl1 73 73 50
3gl1 358 95 49
3gl1 457 437 53
3gl1 229 60 51
3gl1 402 382 54
3gl1 32 457 52
3gl1 233 291 55
3gl1 344 448 54
3gl1 495 264 55
3gl1 436 369 56
3gl1 276 405 54
3gl1 153 70 58
3gl1 123 77 60
3gl1 298 75 58
3gl1 239 234 61
3gl1 34 314 61
3gl1 497 111 64
3gl1 164 154 65
3gl1 42 272 66
3gl1 299 410 67
3gl1 103 41 64
3gl1 170 122 66
3gl1 347 87 69
3gl1 224 232 68
3gl1 458 241 69
3gl1 173 308 69
3gl1 337 202 76
3gl1 228 443 73
3gl1 23 228 76
3gl1 355 53 76
3gl1 448 345 76
3gl1 398 305 79
3gl1 25 284 82
3gl1 325 301 83
3gl1 101 38 86
3gl1 69 328 83
3gl1 415 330 86
3gl1 218 131 88
3gl1 259 238 84
3gl1 70 459 84
3gl1 249 43 89
3gl1 314 444 89
3gl1 209 386 89
3gl1 382 490 89
3gl1 429 208 90
3gl1 343 366 90
3gl1 387 408 91
3gl1 314 204 94
3gl1 374 353 94
3gl1 84 65 94
3gl1 281 457 97
3gl1 147 316 98
3gl1 452 455 98
3gl1 112 219 100
3gl1 90 183 101
3gl1 195 163 102
3gl1 353 245 100
3gl1 207 323 102
3gl1 411 18 104
3gl1 3 335 104
3gl1 161 81 104
3gl1 310 168 106
3gl1 436 457 105
3gl1 438 124 106
3gl1 231 68 110
3gl1 47 152 111
3gl1 39 53 113
3gl1 112 433 113
3gl1 238 461 113
3gl1 237 180 113
3gl1 299 436 116
3gl1 165 88 117
3gl1 483 495 119
3gl1 411 274 116
3gl1 110 393 119
3gl1 491 457 121
3gl1 378 340 123
3gl1 275 44 124
3gl1 24 229 124
3gl1 55 308 125
3gl1 52 54 125
3gl1 401 49 126
3gl1 328 235 126
3gl1 155 16 132
3gl1 90 408 130
3gl1 297 466 131
3gl1 323 210 132
3gl1 207 139 132
3gl1 168 12 135
3gl1 175 128 134
3gl1 308 371 136
3gl1 138 374 137
3gl1 474 440 137
3gl1 232 488 138
3gl1 14 194 139
3gl1 348 302 139
3gl1 63 206 141
3gl1 30 346 141
3gl1 194 57 139
3gl1 333 397 143
3gl1 276 290 143
3gl1 491 325 144
3gl1 198 55 142
3gl1 368 152 145
3gl1 85 158 147
3gl1 155 308 148
3gl1 140 382 147
3gl1 18 400 148
3gl1 309 75 146
3gl1 285 193 149
3gl1 460 228 148
3gl1 417 392 150
3gl1 171 388 152
3gl1 158 176 153
3gl1 58 283 152
3gl1 310 18 155
3gl1 152 391 151
3gl1 371 464 152
3gl1 325 205 155
3gl1 52 219 158
3gl1 298 60 160
3gl1 316 248 160
3gl1 302 162 163
3gl1 31 379 159
3gl1 403 467 161
3gl1 435 250 162
3gl1 159 100 164
3gl1 466 27 166
3gl1 83 205 165
3gl1 327 276 167
3gl1 410 458 164
3gl1 420 226 167
3gl1 458 86 166
3gl1 196 483 166
3gl1 202 382 169
3gl1 438 125 171
3gl1 424 43 172
3gl1 270 333 172
3gl1 497 347 172
3gl1 318 103 172
3gl1 280 452 173
3gl1 233 330 175
3gl1 84 47 177
3gl1 69 473 174
3gl1 179 463 178
3gl1 416 241 177
3gl1 248 59 180
3gl1 275 132 178
3gl1 37 174 180
3gl1 297 378 179
3gl1 151 69 182
3gl1 442 437 183
3gl1 334 270 182
3gl1 428 388 184
3gl1 365 240 186
3gl1 369 243 188
