1u6g 184 293 15
1u6g 308 16 17
1u6g 188 183 17
1u6g 268 150 17
1u6g 80 264 18
1u6g 227 41 19
1u6g 183 409 19
1u6g 66 56 21
1u6g 33 340 20
1u6g 222 362 19
1u6g 32 21 18
1u6g 210 329 23
1u6g 395 329 23
1u6g 113 63 23
1u6g 375 77 25
1u6g 368 195 27
1u6g 436 265 23
1u6g 246 96 26
1u6g 206 88 26
1u6g 164 285 24
1u6g 157 394 28
1u6g 455 210 28
1u6g 458 180 31
1u6g 343 180 29
1u6g 97 46 30
1u6g 407 268 31
1u6g 123 223 33
1u6g 346 466 32
1u6g 135 58 32
1u6g 380 234 30
1u6g 92 330 30
1u6g 34 168 35
1u6g 483 62 31
1u6g 203 168 37
1u6g 416 18 39
1u6g 399 88 39
1u6g 326 356 41
1u6g 121 198 42
1u6g 22 361 42
1u6g 244 405 41
1u6g 495 227 42
1u6g 237 98 43
1u6g 398 227 46
1u6g 21 56 49
1u6g 324 418 47
1u6g 388 151 47
1u6g 168 34 50
1u6g 305 266 49
1u6g 187 298 51
1u6g 20 413 52
1u6g 391 458 49
1u6g 153 277 52
1u6g 437 481 50
1u6g 184 68 53
1u6g 33 170 54
1u6g 283 293 53
1u6g 259 45 57
1u6g 482 80 55
1u6g 123 149 54
1u6g 263 452 57
1u6g 219 147 52
1u6g 91 331 57
1u6g 98 471 57
1u6g 333 493 56
1u6g 404 330 56
1u6g 455 253 58
1u6g 363 493 58
1u6g 316 151 61
1u6g 243 374 60
1u6g 30 224 60
1u6g 101 173 63
1u6g 87 363 61
1u6g 370 244 63
1u6g 409 450 64
1u6g 26 252 66
1u6g 314 116 66
1u6g 173 442 67
1u6g 104 75 68
1u6g 386 317 68
1u6g 415 278 68
1u6g 259 35 69
1u6g 112 129 68
1u6g 159 129 68
1u6g 95 466 69
1u6g 400 16 75
1u6g 340 30 77
1u6g 369 66 74
1u6g 118 88 78
1u6g 245 166 74
1u6g 57 226 78
1u6g 352 418 75
1u6g 372 426 75
1u6g 490 480 74
1u6g 176 304 75
1u6g 130 201 77
1u6g 187 340 74
1u6g 44 479 77
1u6g 441 242 78
1u6g 335 323 83
1u6g 23 485 84
1u6g 88 280 86
1u6g 294 414 85
1u6g 483 402 86
1u6g 187 35 87
1u6g 199 193 88
1u6g 446 68 87
1u6g 103 469 89
1u6g 427 243 84
1u6g 62 389 89
1u6g 451 414 91
1u6g 461 121 89
1u6g 101 146 92
1u6g 227 306 94
1u6g 464 115 91
1u6g 124 483 94
1u6g 189 333 92
1u6g 195 346 97
1u6g 407 76 96
1u6g 117 83 99
1u6g 182 29 99
1u6g 164 285 97
1u6g 155 395 100
1u6g 479 227 99
1u6g 146 467 100
1u6g 151 235 101
1u6g 424 229 103
1u6g 101 321 98
1u6g 254 148 105
1u6g 19 228 105
1u6g 34 303 106
1u6g 479 471 107
1u6g 484 42 108
1u6g 155 120 109
1u6g 35 281 104
1u6g 413 357 103
1u6g 50 494 108
1u6g 407 300 109
1u6g 105 321 107
1u6g 384 450 110
1u6g 417 356 108
1u6g 67 38 115
1u6g 379 196 114
1u6g 408 347 115
1u6g 197 134 116
1u6g 273 272 115
1u6g 275 165 119
1u6g 221 107 120
1u6g 146 182 114
1u6g 369 250 120
1u6g 340 160 121
1u6g 90 445 118
1u6g 273 108 123
1u6g 196 184 119
1u6g 123 242 123
1u6g 285 331 119
1u6g 332 441 123
1u6g 394 458 124
1u6g 63 327 124
1u6g 60 16 127
1u6g 251 186 124
1u6g 243 418 125
1u6g 97 260 125
1u6g 225 93 130
1u6g 492 472 128
1u6g 478 122 131
1u6g 376 365 132
1u6g 483 290 133
1u6g 428 495 127
1u6g 309 203 129
1u6g 130 212 131
1u6g 148 466 129
1u6g 281 57 130
1u6g 412 179 135
1u6g 487 182 131
1u6g 436 292 134
1u6g 327 329 137
1u6g 108 249 138
1u6g 199 326 138
1u6g 136 130 140
1u6g 338 352 139
1u6g 61 319 142
1u6g 235 153 140
1u6g 110 478 141
1u6g 222 65 145
1u6g 146 234 143
1u6g 244 198 146
1u6g 222 439 141
1u6g 98 487 145
1u6g 363 475 146
1u6g 85 18 149
1u6g 229 220 149
1u6g 249 374 148
1u6g 190 410 148
1u6g 434 389 148
1u6g 391 367 151
1u6g 352 458 151
1u6g 104 262 152
1u6g 77 379 152
1u6g 69 159 148
1u6g 321 476 154
1u6g 296 194 158
1u6g 268 107 156
1u6g 296 262 160
1u6g 68 331 160
1u6g 211 337 158
1u6g 473 435 159
1u6g 168 304 160
1u6g 411 54 161
1u6g 291 21 160
1u6g 420 153 159
1u6g 223 335 161
1u6g 242 276 164
1u6g 194 445 164
1u6g 200 419 165
1u6g 196 76 166
1u6g 97 179 162
1u6g 78 467 162
1u6g 454 126 166
1u6g 292 130 168
1u6g 322 140 170
1u6g 373 369 170
1u6g 363 91 172
1u6g 100 295 175
1u6g 285 243 178
1u6g 59 276 176
1u6g 76 36 179
1u6g 133 240 180
1u6g 425 325 174
1u6g 299 166 181
1u6g 93 255 181
1u6g 119 467 181
1u6g 41 459 180
1u6g 85 86 181
1u6g 221 81 179
1u6g 396 254 179
1u6g 305 363 184
1u6g 317 254 187
1u6g 203 387 190
