4d8q 182 444 18
4d8q 352 30 19
4d8q 466 338 19
4d8q 216 203 21
4d8q 198 222 21
4d8q 34 304 20
4d8q 408 224 21
4d8q 470 415 22
4d8q 273 424 22
4d8q 448 391 24
4d8q 145 450 25
4d8q 134 238 26
4d8q 257 138 28
4d8q 66 319 28
4d8q 175 331 29
4d8q 254 381 29
4d8q 436 340 30
4d8q 118 449 31
4d8q 174 394 31
4d8q 114 472 31
4d8q 91 70 32
4d8q 270 218 32
4d8q 153 78 32
4d8q 208 234 33
4d8q 264 117 34
4d8q 296 362 34
4d8q 119 49 35
4d8q 426 231 36
4d8q 346 268 36
4d8q 269 352 35
4d8q 268 42 37
4d8q 55 405 39
4d8q 21 281 40
4d8q 267 332 40
4d8q 379 68 41
4d8q 33 388 41
4d8q 357 484 38
4d8q 110 162 42
4d8q 345 243 42
4d8q 242 368 36
4d8q 216 110 42
4d8q 47 233 43
4d8q 194 282 43
4d8q 308 207 44
4d8q 161 292 45
4d8q 59 335 45
4d8q 285 87 47
4d8q 491 207 47
4d8q 281 276 48
4d8q 327 29 50
4d8q 348 210 49
4d8q 126 18 51
4d8q 41 202 51
4d8q 285 348 50
4d8q 357 260 46
4d8q 167 82 53
4d8q 142 297 54
4d8q 328 217 55
4d8q 162 396 54
4d8q 125 48 56
4d8q 398 94 57
4d8q 62 463 57
4d8q 58 491 57
4d8q 357 258 51
4d8q 102 421 58
4d8q 83 31 59
4d8q 39 99 59
4d8q 202 358 61
4d8q 373 101 62
4d8q 191 383 62
4d8q 131 277 63
4d8q 475 265 64
4d8q 234 51 65
4d8q 353 309 64
4d8q 487 371 65
4d8q 383 448 65
4d8q 460 68 66
4d8q 361 212 66
4d8q 395 229 66
4d8q 405 138 66
4d8q 387 254 67
4d8q 205 23 69
4d8q 65 300 69
4d8q 278 299 70
4d8q 472 347 70
4d8q 74 202 70
4d8q 266 373 71
4d8q 340 222 72
4d8q 465 288 64
4d8q 102 330 73
4d8q 437 363 72
4d8q 303 32 70
4d8q 156 27 76
4d8q 426 82 76
4d8q 396 112 80
4d8q 230 294 76
4d8q 448 361 73
4d8q 113 403 77
4d8q 418 408 78
4d8q 123 485 77
4d8q 369 484 80
4d8q 322 150 81
4d8q 44 302 81
4d8q 383 296 81
4d8q 144 385 82
4d8q 413 96 83
4d8q 212 254 85
4d8q 193 160 86
4d8q 156 228 86
4d8q 97 385 86
4d8q 336 170 88
4d8q 101 294 88
4d8q 64 153 89
4d8q 227 177 89
4d8q 473 36 89
4d8q 308 106 90
4d8q 277 479 91
4d8q 120 41 92
4d8q 333 428 92
4d8q 439 27 94
4d8q 192 467 94
4d8q 369 429 96
4d8q 338 40 97
4d8q 135 127 97
4d8q 178 452 98
4d8q 448 335 98
4d8q 484 485 99
4d8q 223 403 100
4d8q 152 378 100
4d8q 301 88 102
4d8q 272 263 102
4d8q 464 192 106
4d8q 57 326 106
4d8q 237 486 106
4d8q 340 142 103
4d8q 105 270 108
4d8q 274 81 109
4d8q 386 139 109
4d8q 168 336 111
4d8q 403 444 111
4d8q 351 435 112
4d8q 316 256 113
4d8q 435 317 112
4d8q 461 469 113
4d8q 215 150 113
4d8q 309 320 113
4d8q 259 447 114
4d8q 218 183 115
4d8q 135 448 115
4d8q 479 168 116
4d8q 486 104 117
4d8q 441 108 115
4d8q 354 47 118
4d8q 234 231 118
4d8q 176 358 118
4d8q 62 75 119
4d8q 113 344 118
4d8q 453 368 118
4d8q 144 35 114
4d8q 423 40 120
4d8q 289 354 121
4d8q 25 264 121
4d8q 358 463 121
4d8q 100 227 122
4d8q 308 340 122
4d8q 296 270 125
4d8q 357 417 123
4d8q 183 459 125
4d8q 330 175 126
4d8q 304 173 127
4d8q 374 26 129
4d8q 391 147 129
4d8q 272 441 129
4d8q 179 290 130
4d8q 393 344 130
4d8q 126 439 131
4d8q 63 41 132
4d8q 131 106 133
4d8q 358 350 130
4d8q 161 277 134
4d8q 141 283 133
4d8q 228 400 135
4d8q 354 236 129
4d8q 301 298 135
4d8q 434 368 130
4d8q 240 417 128
4d8q 276 36 138
4d8q 456 43 137
4d8q 72 372 137
4d8q 373 444 138
4d8q 260 181 139
4d8q 227 108 140
4d8q 429 169 138
4d8q 344 214 140
4d8q 275 248 140
4d8q 189 390 140
4d8q 82 38 141
4d8q 297 347 141
4d8q 350 174 141
4d8q 153 204 142
4d8q 356 236 134
4d8q 156 244 142
4d8q 161 52 144
4d8q 492 73 138
4d8q 461 150 143
4d8q 323 108 145
4d8q 380 132 144
4d8q 321 439 145
4d8q 219 482 145
4d8q 479 46 146
4d8q 75 136 146
4d8q 214 31 148
4d8q 149 412 149
4d8q 431 428 149
4d8q 306 392 149
4d8q 331 415 150
4d8q 180 44 151
4d8q 288 67 151
4d8q 107 311 150
4d8q 76 84 152
4d8q 212 357 144
4d8q 65 489 153
4d8q 339 139 154
4d8q 381 164 154
4d8q 397 285 154
4d8q 57 420 155
4d8q 204 257 156
4d8q 314 266 157
4d8q 347 395 158
4d8q 293 361 158
4d8q 55 126 162
4d8q 342 222 162
4d8q 448 207 162
4d8q 224 40 164
4d8q 280 43 165
4d8q 430 133 160
4d8q 62 100 167
4d8q 387 193 167
4d8q 425 184 167
4d8q 299 69 168
4d8q 107 376 170
4d8q 70 262 172
4d8q 155 374 172
4d8q 84 135 173
4d8q 191 258 173
4d8q 158 276 173
4d8q 214 466 173
4d8q 328 196 174
4d8q 384 213 172
4d8q 377 274 175
4d8q 56 304 174
4d8q 234 209 176
4d8q 257 483 176
4d8q 457 38 177
4d8q 347 108 177
4d8q 122 223 177
4d8q 30 371 178
4d8q 410 475 178
4d8q 466 124 178
4d8q 428 88 180
4d8q 183 122 179
4d8q 486 126 180
4d8q 300 253 180
