4cr2 324 253 28
4cr2 138 140 23
4cr2 365 108 32
4cr2 452 160 31
4cr2 374 284 29
4cr2 43 480 30
4cr2 397 470 30
4cr2 307 240 34
4cr2 136 163 35
4cr2 229 175 34
4cr2 338 345 38
4cr2 408 407 32
4cr2 433 32 32
4cr2 240 230 34
4cr2 329 453 36
4cr2 366 256 42
4cr2 277 308 36
4cr2 59 369 35
4cr2 358 161 37
4cr2 166 268 39
4cr2 236 361 39
4cr2 386 207 40
4cr2 182 218 40
4cr2 457 367 41
4cr2 447 447 41
4cr2 393 51 44
4cr2 66 220 32
4cr2 401 430 44
4cr2 391 253 41
4cr2 333 481 44
4cr2 288 48 44
4cr2 246 166 46
4cr2 267 470 49
4cr2 63 229 36
4cr2 469 233 48
4cr2 223 381 49
4cr2 350 33 52
4cr2 157 234 53
4cr2 338 393 51
4cr2 315 305 53
4cr2 243 277 51
4cr2 180 347 51
4cr2 102 394 50
4cr2 418 478 51
4cr2 364 163 43
4cr2 327 273 52
4cr2 211 292 51
4cr2 210 155 52
4cr2 384 182 59
4cr2 264 205 53
4cr2 444 334 53
4cr2 51 58 59
4cr2 64 413 56
4cr2 455 44 57
4cr2 149 425 59
4cr2 195 194 62
4cr2 317 243 61
4cr2 379 368 61
4cr2 408 35 61
4cr2 223 60 52
4cr2 305 395 62
4cr2 325 343 63
4cr2 285 356 52
4cr2 88 103 62
4cr2 156 203 64
4cr2 300 279 64
4cr2 136 96 63
4cr2 467 182 64
4cr2 253 309 64
4cr2 234 353 65
4cr2 424 54 71
4cr2 55 172 71
4cr2 226 203 70
4cr2 47 351 71
4cr2 341 456 69
4cr2 382 31 72
4cr2 308 221 70
4cr2 280 257 68
4cr2 305 440 68
4cr2 376 393 61
4cr2 384 395 64
4cr2 172 436 72
4cr2 342 104 81
4cr2 110 250 71
4cr2 109 379 70
4cr2 234 432 63
4cr2 481 67 68
4cr2 228 123 66
4cr2 366 147 68
4cr2 196 323 73
4cr2 184 481 74
4cr2 231 324 75
4cr2 387 405 67
4cr2 230 293 69
4cr2 375 399 69
4cr2 113 332 70
4cr2 28 464 70
4cr2 311 31 77
4cr2 57 33 74
4cr2 313 118 77
4cr2 109 126 76
4cr2 153 129 78
4cr2 231 136 80
4cr2 365 130 81
4cr2 128 173 80
4cr2 69 202 73
4cr2 175 357 74
4cr2 136 356 81
4cr2 444 365 73
4cr2 437 393 80
4cr2 126 438 77
4cr2 369 438 76
4cr2 414 441 77
4cr2 207 463 79
4cr2 105 73 73
4cr2 285 337 75
4cr2 46 439 85
4cr2 103 73 75
4cr2 286 175 83
4cr2 355 245 84
4cr2 147 83 87
4cr2 428 244 77
4cr2 251 433 78
4cr2 368 167 89
4cr2 427 277 87
4cr2 482 281 87
4cr2 417 362 88
4cr2 69 414 83
4cr2 155 156 92
4cr2 357 276 88
4cr2 257 437 80
4cr2 227 67 90
4cr2 426 150 91
4cr2 217 101 86
4cr2 302 333 92
4cr2 360 213 83
4cr2 304 372 91
4cr2 145 36 91
4cr2 401 43 94
4cr2 185 314 95
4cr2 63 360 95
4cr2 266 361 87
4cr2 279 114 99
4cr2 38 246 98
4cr2 60 273 96
4cr2 259 364 88
4cr2 49 223 100
4cr2 448 357 96
4cr2 248 326 100
4cr2 300 279 99
4cr2 126 387 102
4cr2 412 411 104
4cr2 276 154 106
4cr2 32 140 106
4cr2 31 195 104
4cr2 242 255 104
4cr2 399 322 108
4cr2 156 410 107
4cr2 447 162 108
4cr2 322 180 106
4cr2 256 379 109
4cr2 378 114 98
4cr2 38 106 107
4cr2 422 174 110
4cr2 261 477 109
4cr2 199 57 109
4cr2 185 383 107
4cr2 166 223 110
4cr2 208 444 112
4cr2 211 265 114
4cr2 264 310 113
4cr2 248 351 113
4cr2 407 93 111
4cr2 316 132 113
4cr2 142 177 105
4cr2 80 380 115
4cr2 435 107 117
4cr2 91 166 114
4cr2 375 111 109
4cr2 330 197 117
4cr2 423 216 107
4cr2 417 77 119
4cr2 432 391 118
4cr2 295 114 118
4cr2 354 127 119
4cr2 74 456 115
4cr2 291 33 121
4cr2 56 216 113
4cr2 430 263 125
4cr2 94 301 124
4cr2 380 79 122
4cr2 98 357 115
4cr2 352 91 122
4cr2 26 147 115
4cr2 120 188 126
4cr2 274 469 124
4cr2 432 365 122
4cr2 448 84 126
4cr2 404 223 128
4cr2 360 234 123
4cr2 119 293 127
4cr2 211 299 128
4cr2 31 466 130
4cr2 412 130 129
4cr2 130 220 129
4cr2 407 371 129
4cr2 319 153 131
4cr2 441 222 135
4cr2 444 344 132
4cr2 321 396 130
4cr2 68 488 124
4cr2 304 93 131
4cr2 104 421 129
4cr2 103 55 135
4cr2 430 193 134
4cr2 417 398 135
4cr2 350 114 133
4cr2 30 420 139
4cr2 468 75 137
4cr2 304 18 129
4cr2 241 74 130
4cr2 230 124 128
4cr2 391 142 131
4cr2 339 295 129
4cr2 174 307 129
4cr2 306 345 128
4cr2 102 384 140
4cr2 391 396 140
4cr2 79 445 129
4cr2 382 58 141
4cr2 169 103 139
4cr2 307 340 129
4cr2 162 379 141
4cr2 245 321 144
4cr2 90 348 140
4cr2 301 38 144
4cr2 462 268 145
4cr2 107 154 145
4cr2 383 422 137
4cr2 453 82 138
4cr2 422 112 148
4cr2 222 135 151
4cr2 237 296 149
4cr2 77 284 150
4cr2 128 309 146
4cr2 377 417 139
4cr2 379 421 141
4cr2 360 51 151
4cr2 101 127 152
4cr2 301 138 154
4cr2 398 292 150
4cr2 426 461 152
4cr2 337 74 152
4cr2 32 86 151
4cr2 265 355 154
4cr2 216 415 155
4cr2 217 268 151
4cr2 384 341 157
4cr2 82 325 155
4cr2 43 444 156
4cr2 461 245 157
4cr2 300 288 157
4cr2 237 392 155
4cr2 434 433 151
4cr2 320 54 158
4cr2 310 315 158
4cr2 244 351 158
4cr2 446 66 159
4cr2 175 246 156
4cr2 240 419 162
4cr2 153 131 157
4cr2 114 434 157
4cr2 112 443 150
4cr2 210 163 161
4cr2 288 402 163
4cr2 157 475 166
4cr2 170 196 162
4cr2 448 301 161
4cr2 470 348 166
4cr2 131 412 163
4cr2 341 290 160
4cr2 132 193 168
4cr2 361 202 165
4cr2 199 360 166
4cr2 279 101 165
4cr2 205 213 158
4cr2 160 415 166
4cr2 142 110 159
4cr2 266 389 167
4cr2 142 105 162
4cr2 391 221 171
4cr2 370 422 169
4cr2 409 308 170
4cr2 441 396 162
4cr2 441 392 167
4cr2 69 72 181
