2cg9 240 65 3
2cg9 151 346 3
2cg9 186 399 3
2cg9 108 52 12
2cg9 410 118 10
2cg9 204 472 10
2cg9 331 42 9
2cg9 158 40 14
2cg9 181 27 18
2cg9 330 156 17
2cg9 159 357 12
2cg9 31 441 18
2cg9 95 262 16
2cg9 252 339 17
2cg9 32 20 17
2cg9 157 355 15
2cg9 436 354 19
2cg9 342 445 18
2cg9 350 126 20
2cg9 57 354 18
2cg9 370 19 21
2cg9 418 108 24
2cg9 235 421 20
2cg9 208 36 24
2cg9 254 173 21
2cg9 74 391 23
2cg9 218 474 22
2cg9 447 326 25
2cg9 162 205 25
2cg9 372 210 24
2cg9 55 249 28
2cg9 22 333 28
2cg9 242 253 27
2cg9 452 52 27
2cg9 306 328 26
2cg9 15 463 28
2cg9 330 145 31
2cg9 380 133 34
2cg9 460 373 29
2cg9 317 19 34
2cg9 148 25 34
2cg9 162 128 34
2cg9 415 302 37
2cg9 267 179 36
2cg9 444 107 35
2cg9 15 44 38
2cg9 415 166 34
2cg9 166 186 35
2cg9 192 457 38
2cg9 464 465 34
2cg9 132 465 34
2cg9 469 335 40
2cg9 423 459 41
2cg9 180 484 37
2cg9 57 162 43
2cg9 37 154 44
2cg9 218 203 43
2cg9 378 398 42
2cg9 421 195 45
2cg9 284 238 44
2cg9 348 409 46
2cg9 180 114 46
2cg9 402 315 45
2cg9 375 308 47
2cg9 383 444 47
2cg9 47 126 50
2cg9 260 132 48
2cg9 385 393 44
2cg9 197 421 49
2cg9 337 46 51
2cg9 396 457 47
2cg9 271 113 52
2cg9 345 161 50
2cg9 33 349 54
2cg9 274 364 53
2cg9 99 485 53
2cg9 212 245 51
2cg9 455 99 54
2cg9 40 275 52
2cg9 187 325 54
2cg9 305 171 56
2cg9 353 230 57
2cg9 203 407 58
2cg9 178 452 56
2cg9 32 460 54
2cg9 24 126 59
2cg9 68 68 55
2cg9 56 94 63
2cg9 186 428 62
2cg9 334 236 62
2cg9 351 187 61
2cg9 207 234 69
2cg9 205 82 64
2cg9 434 264 65
2cg9 157 44 64
2cg9 207 298 67
2cg9 331 413 62
2cg9 68 26 66
2cg9 78 77 63
2cg9 140 402 67
2cg9 170 220 68
2cg9 413 318 68
2cg9 341 19 69
2cg9 372 290 70
2cg9 158 105 75
2cg9 317 246 73
2cg9 446 261 74
2cg9 43 327 78
2cg9 385 338 73
2cg9 469 379 75
2cg9 208 400 75
2cg9 83 168 73
2cg9 304 212 77
2cg9 45 477 78
2cg9 404 307 77
2cg9 41 480 77
2cg9 165 402 84
2cg9 161 180 83
2cg9 184 381 84
2cg9 133 227 82
2cg9 40 394 85
2cg9 389 267 84
2cg9 434 303 85
2cg9 68 461 84
2cg9 102 424 83
2cg9 340 132 89
2cg9 388 222 89
2cg9 407 255 91
2cg9 488 210 91
2cg9 282 243 91
2cg9 137 207 92
2cg9 193 333 91
2cg9 464 118 90
2cg9 487 260 93
2cg9 58 388 92
2cg9 291 63 94
2cg9 205 309 92
2cg9 436 475 96
2cg9 55 403 97
2cg9 68 192 96
2cg9 467 139 100
2cg9 150 314 97
2cg9 209 387 94
2cg9 450 458 97
2cg9 290 114 99
2cg9 21 207 96
2cg9 41 266 100
2cg9 346 461 100
2cg9 21 158 104
2cg9 21 454 102
2cg9 352 87 103
2cg9 204 279 100
2cg9 279 326 105
2cg9 204 326 102
2cg9 164 442 105
2cg9 79 473 106
2cg9 51 494 101
2cg9 298 464 102
2cg9 292 481 108
2cg9 472 75 108
2cg9 222 129 107
2cg9 140 184 107
2cg9 172 195 109
2cg9 256 82 111
2cg9 85 113 109
2cg9 426 460 111
2cg9 152 156 111
2cg9 52 495 107
2cg9 253 104 109
2cg9 259 173 113
2cg9 150 199 114
2cg9 152 379 115
2cg9 92 31 115
2cg9 236 177 116
2cg9 161 357 114
2cg9 102 102 119
2cg9 188 22 120
2cg9 410 273 118
2cg9 154 356 116
2cg9 48 275 120
2cg9 318 282 122
2cg9 45 209 121
2cg9 16 112 123
2cg9 436 141 122
2cg9 45 331 123
2cg9 278 416 122
2cg9 95 438 119
2cg9 472 202 123
2cg9 190 206 123
2cg9 327 465 123
2cg9 256 159 124
2cg9 113 164 124
2cg9 363 129 124
2cg9 310 58 125
2cg9 283 60 125
2cg9 140 86 124
2cg9 395 193 125
2cg9 310 200 125
2cg9 351 202 125
2cg9 349 23 126
2cg9 485 26 125
2cg9 231 120 125
2cg9 27 230 124
2cg9 318 367 125
2cg9 487 174 131
2cg9 321 247 132
2cg9 372 397 133
2cg9 212 473 133
2cg9 344 245 134
2cg9 425 418 134
2cg9 376 258 136
2cg9 423 52 139
2cg9 493 68 138
2cg9 417 256 139
2cg9 438 404 142
2cg9 335 282 143
2cg9 152 323 145
2cg9 223 437 141
2cg9 117 24 143
2cg9 170 291 145
2cg9 116 329 144
2cg9 26 331 146
2cg9 59 270 147
2cg9 369 115 147
2cg9 140 238 147
2cg9 48 256 149
2cg9 315 10 146
2cg9 172 234 145
2cg9 110 225 150
2cg9 495 304 150
2cg9 465 424 148
2cg9 54 20 153
2cg9 26 284 151
2cg9 85 51 152
2cg9 116 181 152
2cg9 401 448 153
2cg9 259 13 154
2cg9 42 364 152
2cg9 90 249 155
2cg9 49 328 157
2cg9 110 87 157
2cg9 133 118 156
2cg9 180 87 155
2cg9 279 321 160
2cg9 57 38 160
2cg9 21 106 160
2cg9 314 249 157
2cg9 226 339 158
2cg9 34 378 158
2cg9 249 149 160
2cg9 419 154 159
2cg9 474 217 160
2cg9 404 247 163
2cg9 125 282 161
2cg9 464 461 164
2cg9 328 180 163
2cg9 164 46 164
2cg9 200 112 165
2cg9 247 83 165
2cg9 364 120 164
2cg9 225 332 160
2cg9 479 213 161
2cg9 33 170 164
2cg9 313 383 169
2cg9 487 400 167
2cg9 126 125 164
2cg9 421 450 167
2cg9 83 60 169
2cg9 24 139 169
2cg9 319 103 170
2cg9 61 415 171
2cg9 26 426 169
2cg9 133 115 172
2cg9 226 175 171
2cg9 393 254 173
2cg9 94 418 173
2cg9 369 65 172
2cg9 21 244 173
2cg9 381 493 175
2cg9 128 33 175
2cg9 238 85 178
2cg9 480 294 178
2cg9 94 331 176
2cg9 77 204 178
2cg9 346 25 182
2cg9 428 198 176
2cg9 414 241 176
2cg9 337 271 178
2cg9 263 235 180
2cg9 406 221 182
2cg9 342 247 182
2cg9 57 167 182
2cg9 448 335 184
2cg9 365 436 184
2cg9 32 136 182
2cg9 140 382 187
2cg9 397 108 193
