0 255 255 99
0 152 480 12
0 273 426 22
0 176 331 29
0 175 395 31
0 297 362 34
0 426 231 36
0 21 280 39
0 34 389 41
0 195 282 43
0 47 232 43
0 307 208 44
0 161 292 45
0 348 210 49
0 126 47 56
0 398 93 56
0 102 421 58
0 192 383 61
0 372 101 62
0 132 276 63
0 384 447 66
0 405 138 66
0 389 254 68
0 156 27 76
0 114 403 77
0 383 295 81
0 44 303 81
0 149 384 82
0 211 254 85
0 156 228 86
0 64 154 89
0 332 426 92
0 491 371 93
0 135 128 98
0 153 378 100
0 464 192 106
0 135 447 115
0 478 168 116
0 355 47 118
0 112 344 118
0 307 341 123
0 304 173 126
0 456 42 137
0 346 211 140
0 82 39 141
0 296 347 141
0 275 248 141
0 323 109 145
0 76 136 146
0 480 46 146
0 308 391 150
0 332 415 150
0 66 488 153
0 339 138 154
0 448 207 162
0 426 183 167
0 387 193 167
0 160 276 174
0 347 109 177
0 122 222 177
0 30 372 177
0 183 122 179
0 429 88 180
0 487 127 180
