3d2f 117 406 6
3d2f 80 183 19
3d2f 283 17 20
3d2f 53 421 19
3d2f 467 472 19
3d2f 26 236 19
3d2f 83 428 15
3d2f 351 417 19
3d2f 158 262 18
3d2f 54 74 25
3d2f 8 119 18
3d2f 483 244 23
3d2f 441 328 19
3d2f 364 374 24
3d2f 222 125 24
3d2f 405 445 27
3d2f 220 473 22
3d2f 311 300 27
3d2f 138 262 29
3d2f 146 410 25
3d2f 422 97 23
3d2f 40 182 30
3d2f 344 294 32
3d2f 89 364 31
3d2f 17 469 24
3d2f 105 58 24
3d2f 476 92 32
3d2f 353 133 31
3d2f 12 458 29
3d2f 460 376 30
3d2f 162 43 33
3d2f 139 220 35
3d2f 377 233 32
3d2f 368 458 32
3d2f 463 350 39
3d2f 276 361 32
3d2f 138 370 38
3d2f 484 64 34
3d2f 190 81 34
3d2f 135 111 41
3d2f 386 432 36
3d2f 407 146 42
3d2f 122 76 45
3d2f 84 208 43
3d2f 114 306 43
3d2f 220 344 41
3d2f 400 316 43
3d2f 207 396 39
3d2f 473 124 49
3d2f 221 328 47
3d2f 416 347 44
3d2f 443 483 47
3d2f 343 162 49
3d2f 28 182 48
3d2f 87 428 49
3d2f 445 74 53
3d2f 454 379 53
3d2f 84 410 56
3d2f 73 124 51
3d2f 229 124 49
3d2f 30 30 57
3d2f 298 232 55
3d2f 470 413 58
3d2f 18 43 57
3d2f 250 150 59
3d2f 446 175 57
3d2f 123 190 60
3d2f 103 211 60
3d2f 437 369 56
3d2f 437 295 60
3d2f 386 474 62
3d2f 258 254 56
3d2f 434 493 59
3d2f 111 38 63
3d2f 345 184 59
3d2f 418 209 65
3d2f 156 482 65
3d2f 284 194 63
3d2f 336 312 65
3d2f 372 42 65
3d2f 318 194 64
3d2f 286 312 62
3d2f 50 230 66
3d2f 495 392 65
3d2f 126 62 67
3d2f 485 320 67
3d2f 462 205 72
3d2f 363 26 64
3d2f 400 326 68
3d2f 293 130 68
3d2f 345 86 75
3d2f 459 242 70
3d2f 26 123 73
3d2f 333 242 80
3d2f 156 260 78
3d2f 460 265 73
3d2f 411 275 74
3d2f 207 340 77
3d2f 312 353 77
3d2f 113 363 77
3d2f 45 379 77
3d2f 343 491 80
3d2f 450 74 75
3d2f 327 273 83
3d2f 89 341 83
3d2f 25 227 77
3d2f 487 362 82
3d2f 20 321 85
3d2f 301 256 77
3d2f 297 196 87
3d2f 100 426 80
3d2f 140 107 84
3d2f 366 460 88
3d2f 98 76 90
3d2f 326 221 89
3d2f 278 277 89
3d2f 161 470 92
3d2f 67 40 86
3d2f 18 70 86
3d2f 162 178 85
3d2f 26 284 85
3d2f 68 330 85
3d2f 20 414 93
3d2f 267 427 92
3d2f 136 454 92
3d2f 91 459 93
3d2f 389 25 91
3d2f 251 75 94
3d2f 101 145 86
3d2f 470 173 95
3d2f 409 299 92
3d2f 466 407 92
3d2f 278 209 92
3d2f 340 367 90
3d2f 412 479 99
3d2f 319 75 94
3d2f 48 39 97
3d2f 309 309 95
3d2f 390 356 99
3d2f 291 63 97
3d2f 166 84 100
3d2f 119 367 104
3d2f 241 146 105
3d2f 205 204 101
3d2f 453 362 99
3d2f 351 244 100
3d2f 194 282 104
3d2f 78 478 99
3d2f 27 375 105
3d2f 160 444 103
3d2f 387 17 108
3d2f 134 317 106
3d2f 129 327 109
3d2f 201 418 110
3d2f 21 319 115
3d2f 154 103 112
3d2f 308 437 112
3d2f 104 81 117
3d2f 384 99 118
3d2f 475 439 118
3d2f 321 307 119
3d2f 290 209 116
3d2f 222 421 118
3d2f 298 455 118
3d2f 428 108 119
3d2f 180 405 121
3d2f 57 94 122
3d2f 299 489 122
3d2f 195 186 118
3d2f 111 393 120
3d2f 477 152 127
3d2f 303 24 127
3d2f 31 61 125
3d2f 27 442 125
3d2f 213 474 125
3d2f 290 332 123
3d2f 296 66 133
3d2f 87 245 133
3d2f 280 60 130
3d2f 371 396 130
3d2f 426 492 133
3d2f 43 24 136
3d2f 109 113 137
3d2f 39 132 137
3d2f 251 479 137
3d2f 101 95 137
3d2f 207 139 134
3d2f 138 346 141
3d2f 192 448 139
3d2f 176 63 143
3d2f 137 149 141
3d2f 333 47 135
3d2f 241 227 141
3d2f 373 320 141
3d2f 120 345 144
3d2f 422 220 145
3d2f 395 258 140
3d2f 239 149 140
3d2f 173 234 143
3d2f 29 361 141
3d2f 108 226 145
3d2f 264 265 146
3d2f 40 113 150
3d2f 491 422 149
3d2f 311 74 147
3d2f 139 85 152
3d2f 88 19 146
3d2f 218 265 149
3d2f 478 250 152
3d2f 198 18 156
3d2f 240 105 157
3d2f 368 147 150
3d2f 399 203 152
3d2f 230 334 149
3d2f 364 340 157
3d2f 197 190 159
3d2f 453 335 157
3d2f 20 127 157
3d2f 138 212 156
3d2f 373 371 157
3d2f 108 296 160
3d2f 217 336 157
3d2f 367 483 161
3d2f 467 393 157
3d2f 490 306 166
3d2f 436 391 164
3d2f 355 450 165
3d2f 110 478 163
3d2f 141 41 164
3d2f 471 61 165
3d2f 436 154 167
3d2f 468 399 163
3d2f 43 415 168
3d2f 83 465 167
3d2f 237 130 170
3d2f 123 311 169
3d2f 193 447 163
3d2f 206 111 162
3d2f 389 308 167
3d2f 225 332 163
3d2f 67 197 172
3d2f 181 418 169
3d2f 15 322 169
3d2f 196 483 167
3d2f 459 86 169
3d2f 209 103 174
3d2f 392 256 169
3d2f 189 334 178
3d2f 196 395 174
3d2f 32 99 177
3d2f 451 122 170
3d2f 383 94 175
3d2f 386 131 177
3d2f 41 278 181
3d2f 428 327 174
3d2f 68 472 176
3d2f 461 76 180
3d2f 221 88 177
3d2f 247 157 180
3d2f 104 198 176
3d2f 191 207 177
3d2f 470 19 179
3d2f 147 30 179
3d2f 453 184 179
3d2f 83 186 179
3d2f 172 488 179
3d2f 272 108 176
3d2f 289 281 176
3d2f 209 435 177
3d2f 103 492 180
3d2f 396 253 178
3d2f 452 150 181
3d2f 420 434 181
3d2f 48 459 185
3d2f 366 241 188
