3h84 459 74 11
3h84 194 82 16
3h84 262 456 18
3h84 320 464 16
3h84 343 158 17
3h84 294 285 18
3h84 397 353 18
3h84 269 364 16
3h84 391 493 21
3h84 318 40 18
3h84 135 177 19
3h84 82 463 21
3h84 466 89 21
3h84 420 91 23
3h84 85 433 21
3h84 138 42 21
3h84 235 285 20
3h84 364 386 24
3h84 432 418 23
3h84 452 94 24
3h84 230 104 26
3h84 294 79 26
3h84 414 131 24
3h84 109 134 27
3h84 39 29 29
3h84 85 218 31
3h84 105 223 31
3h84 187 124 31
3h84 298 409 30
3h84 39 40 28
3h84 196 72 27
3h84 357 374 29
3h84 17 435 29
3h84 253 77 30
3h84 348 373 29
3h84 130 322 30
3h84 394 87 30
3h84 270 453 34
3h84 290 130 32
3h84 127 314 32
3h84 182 84 38
3h84 88 484 34
3h84 279 75 38
3h84 301 274 36
3h84 334 320 38
3h84 426 427 37
3h84 382 115 38
3h84 452 294 42
3h84 305 390 39
3h84 243 392 40
3h84 234 125 42
3h84 22 451 42
3h84 159 15 42
3h84 50 464 43
3h84 390 324 44
3h84 388 23 44
3h84 334 84 45
3h84 76 271 46
3h84 311 357 43
3h84 328 360 44
3h84 17 399 46
3h84 411 341 47
3h84 241 417 48
3h84 31 489 50
3h84 45 272 49
3h84 447 282 50
3h84 493 292 51
3h84 81 449 49
3h84 372 24 50
3h84 33 329 50
3h84 363 476 51
3h84 264 128 49
3h84 489 159 51
3h84 375 346 54
3h84 150 442 47
3h84 269 396 53
3h84 64 218 51
3h84 79 249 54
3h84 278 184 55
3h84 23 265 54
3h84 317 103 57
3h84 256 251 55
3h84 213 173 55
3h84 95 127 63
3h84 90 297 60
3h84 362 19 61
3h84 285 309 60
3h84 75 322 61
3h84 117 264 65
3h84 253 405 65
3h84 340 237 60
3h84 276 317 66
3h84 319 177 66
3h84 422 257 64
3h84 334 308 61
3h84 113 489 65
3h84 326 25 66
3h84 208 135 67
3h84 100 148 62
3h84 162 327 64
3h84 171 328 65
3h84 443 193 68
3h84 186 401 68
3h84 72 20 65
3h84 486 96 68
3h84 270 241 72
3h84 320 75 69
3h84 205 248 69
3h84 90 433 66
3h84 90 479 69
3h84 90 219 69
3h84 450 258 69
3h84 12 114 70
3h84 485 22 75
3h84 227 36 77
3h84 440 53 75
3h84 88 157 76
3h84 254 194 74
3h84 321 264 76
3h84 463 300 77
3h84 365 353 75
3h84 38 453 75
3h84 219 482 75
3h84 41 99 80
3h84 282 117 75
3h84 481 257 80
3h84 342 293 80
3h84 318 381 80
3h84 251 351 81
3h84 177 273 84
3h84 326 491 85
3h84 388 54 88
3h84 89 138 85
3h84 358 210 83
3h84 421 476 87
3h84 491 156 87
3h84 441 349 85
3h84 76 39 88
3h84 213 102 90
3h84 78 334 90
3h84 384 393 89
3h84 205 27 92
3h84 401 164 92
3h84 112 379 92
3h84 274 210 92
3h84 117 65 96
3h84 434 74 99
3h84 262 80 97
3h84 283 209 92
3h84 308 310 92
3h84 224 159 95
3h84 141 40 101
3h84 86 65 96
3h84 389 104 100
3h84 434 370 101
3h84 324 72 97
3h84 434 309 97
3h84 33 349 102
3h84 41 124 105
3h84 451 390 103
3h84 18 172 105
3h84 30 35 107
3h84 395 173 107
3h84 242 305 108
3h84 368 450 107
3h84 273 235 109
3h84 357 237 108
3h84 139 317 109
3h84 372 24 109
3h84 44 375 111
3h84 62 164 111
3h84 184 296 112
3h84 332 354 112
3h84 357 291 112
3h84 149 61 113
3h84 417 146 112
3h84 310 219 112
3h84 29 382 115
3h84 62 283 116
3h84 436 202 116
3h84 30 480 116
3h84 480 459 116
3h84 341 212 115
3h84 329 381 118
3h84 30 176 121
3h84 122 460 120
3h84 199 174 121
3h84 189 272 123
3h84 486 494 119
3h84 55 420 124
3h84 227 381 125
3h84 104 468 125
3h84 205 24 126
3h84 147 309 129
3h84 339 335 130
3h84 368 119 132
3h84 181 146 126
3h84 266 335 131
3h84 437 245 130
3h84 447 313 135
3h84 262 17 134
3h84 308 120 136
3h84 377 281 135
3h84 340 477 134
3h84 317 229 134
3h84 241 267 134
3h84 243 208 135
3h84 335 51 135
3h84 278 198 135
3h84 394 369 133
3h84 63 469 137
3h84 185 254 139
3h84 281 127 140
3h84 482 147 140
3h84 394 262 140
3h84 397 372 136
3h84 125 77 142
3h84 187 206 141
3h84 244 350 139
3h84 490 22 142
3h84 65 427 139
3h84 130 169 144
3h84 289 211 141
3h84 386 246 145
3h84 117 26 143
3h84 366 357 150
3h84 393 91 150
3h84 196 118 148
3h84 315 362 147
3h84 346 424 148
3h84 262 137 154
3h84 436 485 148
3h84 228 330 148
3h84 362 315 155
3h84 386 320 152
3h84 181 90 156
3h84 416 278 154
3h84 174 435 154
3h84 269 493 157
3h84 192 279 152
3h84 316 413 156
3h84 244 174 158
3h84 202 213 152
3h84 46 307 157
3h84 237 251 157
3h84 490 75 157
3h84 366 228 158
3h84 188 271 154
3h84 290 234 160
3h84 169 74 163
3h84 404 146 160
3h84 256 180 163
3h84 164 27 163
3h84 64 145 161
3h84 95 93 166
3h84 164 2 163
3h84 265 151 167
3h84 43 193 165
3h84 241 381 167
3h84 113 338 167
3h84 83 390 171
3h84 466 401 166
3h84 148 93 173
3h84 204 226 174
3h84 135 59 177
3h84 325 247 178
3h84 22 340 177
3h84 101 441 175
3h84 385 448 172
3h84 418 277 178
3h84 283 329 178
3h84 210 375 177
3h84 258 28 180
3h84 353 316 177
3h84 273 116 178
3h84 231 279 180
3h84 42 246 183
3h84 204 332 183
3h84 263 238 181
