1s3x 18 41 3
1s3x 363 56 2
1s3x 171 96 9
1s3x 412 54 10
1s3x 124 60 11
1s3x 88 295 11
1s3x 364 442 10
1s3x 371 105 14
1s3x 173 324 15
1s3x 251 457 15
1s3x 322 482 15
1s3x 76 36 16
1s3x 472 139 15
1s3x 320 292 16
1s3x 227 135 17
1s3x 493 302 18
1s3x 241 397 18
1s3x 12 445 17
1s3x 269 356 17
1s3x 355 437 19
1s3x 323 91 20
1s3x 241 325 19
1s3x 146 488 21
1s3x 314 153 22
1s3x 236 288 21
1s3x 219 416 24
1s3x 78 69 23
1s3x 478 305 24
1s3x 94 486 26
1s3x 285 234 27
1s3x 19 152 28
1s3x 127 178 30
1s3x 445 198 30
1s3x 54 83 34
1s3x 436 320 32
1s3x 438 179 35
1s3x 178 179 36
1s3x 428 408 35
1s3x 159 326 37
1s3x 452 429 38
1s3x 302 266 37
1s3x 222 299 40
1s3x 75 123 42
1s3x 78 482 39
1s3x 175 57 44
1s3x 433 110 43
1s3x 478 151 45
1s3x 46 285 44
1s3x 137 280 46
1s3x 158 333 46
1s3x 203 334 47
1s3x 37 91 46
1s3x 381 118 47
1s3x 357 280 47
1s3x 149 331 47
1s3x 211 474 48
1s3x 186 149 48
1s3x 192 163 50
1s3x 302 329 48
1s3x 472 68 51
1s3x 175 161 51
1s3x 452 307 51
1s3x 249 75 51
1s3x 361 168 53
1s3x 310 195 50
1s3x 421 374 52
1s3x 485 49 52
1s3x 205 176 54
1s3x 397 447 53
1s3x 235 35 56
1s3x 473 96 56
1s3x 62 233 56
1s3x 147 378 56
1s3x 273 408 56
1s3x 428 229 56
1s3x 137 120 58
1s3x 112 184 60
1s3x 110 457 58
1s3x 251 161 59
1s3x 411 394 62
1s3x 87 50 64
1s3x 187 368 63
1s3x 445 467 63
1s3x 429 262 63
1s3x 395 284 66
1s3x 261 412 64
1s3x 273 352 67
1s3x 74 23 68
1s3x 469 398 68
1s3x 16 95 69
1s3x 42 158 68
1s3x 290 350 66
1s3x 415 389 68
1s3x 42 426 68
1s3x 108 57 69
1s3x 45 380 69
1s3x 50 407 69
1s3x 438 9 69
1s3x 207 217 68
1s3x 92 249 70
1s3x 435 160 73
1s3x 191 191 72
1s3x 418 208 73
1s3x 409 221 73
1s3x 386 315 73
1s3x 327 14 73
1s3x 332 69 74
1s3x 233 243 75
1s3x 433 491 75
1s3x 63 501 80
1s3x 31 80 81
1s3x 96 453 82
1s3x 313 200 83
1s3x 508 437 83
1s3x 275 419 85
1s3x 135 25 86
1s3x 489 384 86
1s3x 162 388 87
1s3x 26 433 85
1s3x 233 444 86
1s3x 52 104 89
1s3x 427 301 86
1s3x 230 364 88
1s3x 169 121 88
1s3x 251 304 91
1s3x 344 76 93
1s3x 449 82 94
1s3x 314 40 94
1s3x 478 335 94
1s3x 176 433 95
1s3x 478 90 96
1s3x 220 245 95
1s3x 340 281 95
1s3x 391 437 97
1s3x 106 173 98
1s3x 433 282 98
1s3x 41 77 100
1s3x 374 66 101
1s3x 212 166 101
1s3x 379 256 99
1s3x 298 29 101
1s3x 355 283 99
1s3x 250 451 102
1s3x 470 306 105
1s3x 227 353 103
1s3x 82 491 105
1s3x 452 118 104
1s3x 9 273 106
1s3x 344 404 109
1s3x 362 189 110
1s3x 361 233 109
1s3x 309 149 110
1s3x 132 300 111
1s3x 201 400 110
1s3x 290 303 112
1s3x 396 401 114
1s3x 459 173 114
1s3x 401 75 115
1s3x 175 284 115
1s3x 208 349 116
1s3x 295 52 116
1s3x 339 218 114
1s3x 169 107 116
1s3x 374 278 117
1s3x 246 315 117
1s3x 134 339 117
1s3x 52 105 124
1s3x 259 50 123
1s3x 173 72 123
1s3x 158 116 123
1s3x 396 393 125
1s3x 93 201 126
1s3x 332 233 126
1s3x 373 429 126
1s3x 363 148 128
1s3x 277 19 129
1s3x 204 166 131
1s3x 467 240 132
1s3x 274 192 133
1s3x 141 439 134
1s3x 176 40 137
1s3x 301 195 138
1s3x 38 251 137
1s3x 260 257 136
1s3x 191 271 139
1s3x 344 90 142
1s3x 259 152 142
1s3x 156 27 143
1s3x 429 356 141
1s3x 354 197 141
1s3x 244 343 142
1s3x 468 35 145
1s3x 279 345 146
1s3x 266 412 147
1s3x 458 232 149
1s3x 430 246 149
1s3x 238 139 149
1s3x 327 224 151
1s3x 484 497 153
1s3x 409 99 153
1s3x 45 395 154
1s3x 221 145 153
1s3x 320 489 155
1s3x 488 217 154
1s3x 208 377 153
1s3x 176 379 155
1s3x 307 439 155
1s3x 33 476 159
1s3x 319 333 160
1s3x 483 25 163
1s3x 219 451 161
1s3x 346 125 163
1s3x 422 282 164
1s3x 454 316 165
1s3x 467 429 165
1s3x 212 233 169
1s3x 148 254 170
1s3x 469 312 170
1s3x 116 480 171
1s3x 479 54 171
1s3x 63 31 171
1s3x 129 274 171
1s3x 9 375 172
1s3x 55 216 172
1s3x 380 448 173
1s3x 396 483 171
1s3x 224 195 173
1s3x 393 290 177
1s3x 91 73 176
1s3x 307 237 178
1s3x 205 57 177
1s3x 286 373 177
1s3x 369 393 180
1s3x 281 401 180
1s3x 454 279 181
1s3x 238 392 183
1s3x 223 43 182
1s3x 233 75 183
1s3x 459 250 185
1s3x 242 428 183
1s3x 378 252 184
1s3x 199 388 187
1s3x 79 95 189
1s3x 136 399 188
1s3x 309 267 188
1s3x 456 441 192
1s3x 86 479 195
