3qm1 331 145 9
3qm1 320 223 10
3qm1 239 14 11
3qm1 364 444 10
3qm1 74 20 13
3qm1 465 12 14
3qm1 135 96 14
3qm1 210 125 14
3qm1 127 221 14
3qm1 319 378 15
3qm1 322 484 12
3qm1 471 140 15
3qm1 178 426 15
3qm1 457 106 18
3qm1 386 313 17
3qm1 282 322 18
3qm1 357 168 17
3qm1 157 248 19
3qm1 499 312 20
3qm1 268 356 18
3qm1 264 125 21
3qm1 240 325 20
3qm1 223 57 22
3qm1 348 76 21
3qm1 445 140 23
3qm1 270 99 23
3qm1 312 153 22
3qm1 235 418 22
3qm1 413 130 25
3qm1 479 305 23
3qm1 341 447 22
3qm1 145 489 22
3qm1 97 118 26
3qm1 21 193 26
3qm1 418 372 27
3qm1 163 453 27
3qm1 26 459 24
3qm1 250 415 28
3qm1 69 457 27
3qm1 102 84 30
3qm1 286 134 28
3qm1 253 159 29
3qm1 94 486 27
3qm1 182 168 30
3qm1 63 303 31
3qm1 350 489 29
3qm1 435 257 32
3qm1 465 327 32
3qm1 332 276 34
3qm1 267 268 36
3qm1 69 425 36
3qm1 206 84 38
3qm1 465 464 35
3qm1 224 87 39
3qm1 229 477 39
3qm1 490 482 40
3qm1 186 61 40
3qm1 230 158 40
3qm1 488 301 41
3qm1 99 496 40
3qm1 160 324 38
3qm1 253 74 43
3qm1 429 78 40
3qm1 36 451 44
3qm1 501 53 42
3qm1 366 84 43
3qm1 140 94 46
3qm1 152 261 48
3qm1 257 301 47
3qm1 334 106 48
3qm1 434 266 49
3qm1 356 280 47
3qm1 148 441 49
3qm1 279 69 48
3qm1 336 294 50
3qm1 247 33 52
3qm1 45 165 51
3qm1 150 459 49
3qm1 238 487 51
3qm1 452 306 52
3qm1 186 403 53
3qm1 457 440 53
3qm1 109 458 56
3qm1 331 247 56
3qm1 493 264 57
3qm1 479 11 59
3qm1 315 40 59
3qm1 60 234 58
3qm1 290 15 63
3qm1 173 31 62
3qm1 296 360 61
3qm1 47 137 64
3qm1 94 188 64
3qm1 97 145 63
3qm1 427 173 64
3qm1 13 227 64
3qm1 421 266 65
3qm1 398 339 65
3qm1 293 129 65
3qm1 253 402 64
3qm1 226 494 66
3qm1 59 111 65
3qm1 469 232 71
3qm1 398 357 69
3qm1 483 24 69
3qm1 488 295 69
3qm1 338 163 71
3qm1 170 44 75
3qm1 278 104 74
3qm1 26 152 74
3qm1 499 224 75
3qm1 92 249 73
3qm1 191 448 74
3qm1 284 120 75
3qm1 418 157 78
3qm1 192 299 77
3qm1 292 353 78
3qm1 411 395 76
3qm1 366 46 80
3qm1 446 415 78
3qm1 354 98 80
3qm1 241 266 80
3qm1 229 243 78
3qm1 93 453 80
3qm1 78 117 84
3qm1 168 235 82
3qm1 260 235 83
3qm1 25 250 83
3qm1 469 218 85
3qm1 438 349 85
3qm1 185 56 86
3qm1 78 168 90
3qm1 290 264 89
3qm1 374 326 90
3qm1 88 421 90
3qm1 159 499 92
3qm1 63 118 91
3qm1 362 91 96
3qm1 477 334 94
3qm1 219 496 96
3qm1 141 467 97
3qm1 404 494 97
3qm1 83 73 96
3qm1 432 311 97
3qm1 90 324 99
3qm1 63 31 99
3qm1 152 263 100
3qm1 361 312 100
3qm1 15 36 101
3qm1 437 83 102
3qm1 226 354 103
3qm1 93 409 105
3qm1 144 333 105
3qm1 435 445 104
3qm1 323 225 107
3qm1 79 247 110
3qm1 479 384 110
3qm1 198 399 109
3qm1 470 502 110
3qm1 410 140 110
3qm1 494 157 111
3qm1 117 170 111
3qm1 148 256 113
3qm1 321 344 109
3qm1 90 48 112
3qm1 318 461 114
3qm1 345 406 112
3qm1 460 173 113
3qm1 104 244 116
3qm1 199 36 117
3qm1 342 211 115
3qm1 302 437 116
3qm1 183 216 115
3qm1 203 289 118
3qm1 135 337 116
3qm1 60 364 120
3qm1 250 368 121
3qm1 290 402 119
3qm1 90 421 121
3qm1 426 449 120
3qm1 287 255 121
3qm1 78 341 122
3qm1 245 122 123
3qm1 389 249 122
3qm1 454 183 124
3qm1 227 268 123
3qm1 212 409 123
3qm1 65 231 124
3qm1 259 50 124
3qm1 114 114 125
3qm1 223 130 125
3qm1 232 363 125
3qm1 216 474 124
3qm1 92 200 125
3qm1 192 478 125
3qm1 52 54 128
3qm1 65 449 131
3qm1 204 167 131
3qm1 458 412 131
3qm1 399 86 131
3qm1 87 475 132
3qm1 65 123 135
3qm1 140 440 133
3qm1 364 13 135
3qm1 96 20 135
3qm1 238 134 136
3qm1 229 348 135
3qm1 219 193 137
3qm1 499 236 138
3qm1 280 199 137
3qm1 321 224 136
3qm1 199 284 137
3qm1 468 176 141
3qm1 269 312 140
3qm1 346 386 141
3qm1 63 424 139
3qm1 301 193 138
3qm1 37 251 138
3qm1 192 272 140
3qm1 195 57 141
3qm1 482 407 141
3qm1 379 376 143
3qm1 346 285 144
3qm1 50 281 146
3qm1 444 468 148
3qm1 166 69 150
3qm1 29 496 148
3qm1 12 455 151
3qm1 184 19 151
3qm1 187 272 151
3qm1 417 422 152
3qm1 184 331 150
3qm1 60 295 151
3qm1 337 107 155
3qm1 487 214 154
3qm1 38 57 156
3qm1 221 145 153
3qm1 145 217 152
3qm1 305 437 154
3qm1 250 54 156
3qm1 372 462 155
3qm1 239 466 155
3qm1 383 38 157
3qm1 494 435 159
3qm1 188 464 161
3qm1 176 346 162
3qm1 456 372 161
3qm1 481 282 162
3qm1 463 110 163
3qm1 33 475 161
3qm1 33 45 163
3qm1 335 92 166
3qm1 422 284 164
3qm1 28 424 165
3qm1 454 317 167
3qm1 241 460 168
3qm1 332 154 170
3qm1 366 177 170
3qm1 43 363 168
3qm1 134 381 170
3qm1 356 93 171
3qm1 392 65 175
3qm1 251 72 173
3qm1 95 438 176
3qm1 280 300 173
3qm1 388 421 177
3qm1 266 466 177
3qm1 267 216 177
3qm1 472 394 178
3qm1 312 110 180
3qm1 142 178 179
3qm1 73 194 179
3qm1 271 284 180
3qm1 401 342 181
3qm1 149 402 178
3qm1 222 44 182
3qm1 125 110 182
3qm1 436 305 183
3qm1 317 128 183
3qm1 434 378 184
3qm1 242 427 181
3qm1 228 434 183
3qm1 261 128 183
3qm1 456 280 182
3qm1 21 386 185
3qm1 349 75 187
3qm1 303 137 186
3qm1 304 16 187
3qm1 77 470 188
3qm1 123 492 188
3qm1 205 207 190
