1qvr 22 394 21
1qvr 195 423 21
1qvr 372 351 22
1qvr 298 167 24
1qvr 165 293 24
1qvr 146 327 17
1qvr 311 190 25
1qvr 255 306 26
1qvr 239 434 25
1qvr 306 114 27
1qvr 276 255 25
1qvr 80 110 28
1qvr 323 167 29
1qvr 64 226 27
1qvr 236 284 28
1qvr 315 222 30
1qvr 403 181 32
1qvr 33 434 33
1qvr 443 31 33
1qvr 224 43 33
1qvr 138 294 34
1qvr 219 436 34
1qvr 161 187 34
1qvr 459 313 37
1qvr 22 73 36
1qvr 240 318 36
1qvr 425 322 36
1qvr 106 279 37
1qvr 362 485 38
1qvr 76 48 38
1qvr 244 194 39
1qvr 470 406 39
1qvr 174 213 37
1qvr 133 395 41
1qvr 426 381 42
1qvr 454 125 44
1qvr 249 341 42
1qvr 219 460 44
1qvr 383 216 37
1qvr 358 55 46
1qvr 298 113 46
1qvr 60 299 45
1qvr 409 72 46
1qvr 379 216 40
1qvr 266 26 49
1qvr 337 140 42
1qvr 194 129 51
1qvr 391 216 43
1qvr 132 324 51
1qvr 311 83 51
1qvr 154 166 51
1qvr 65 209 52
1qvr 211 284 51
1qvr 66 375 52
1qvr 202 478 54
1qvr 104 89 56
1qvr 76 137 58
1qvr 164 306 57
1qvr 29 83 57
1qvr 151 147 57
1qvr 487 251 57
1qvr 96 268 56
1qvr 355 133 59
1qvr 435 145 58
1qvr 232 429 57
1qvr 458 149 64
1qvr 216 149 57
1qvr 123 213 58
1qvr 165 270 65
1qvr 348 352 64
1qvr 147 435 62
1qvr 231 115 64
1qvr 377 394 64
1qvr 264 128 65
1qvr 450 221 66
1qvr 269 423 66
1qvr 22 465 66
1qvr 141 427 66
1qvr 28 382 69
1qvr 303 445 67
1qvr 227 325 69
1qvr 311 450 69
1qvr 230 332 69
1qvr 116 230 76
1qvr 395 23 73
1qvr 449 33 77
1qvr 255 56 77
1qvr 102 74 75
1qvr 186 76 78
1qvr 175 170 79
1qvr 435 246 79
1qvr 302 279 74
1qvr 252 308 75
1qvr 176 362 77
1qvr 442 429 76
1qvr 208 82 81
1qvr 391 89 80
1qvr 152 450 81
1qvr 372 94 84
1qvr 458 93 84
1qvr 308 237 86
1qvr 294 416 81
1qvr 188 234 86
1qvr 79 236 84
1qvr 263 445 84
1qvr 295 50 84
1qvr 478 238 87
1qvr 119 279 87
1qvr 228 350 84
1qvr 75 417 85
1qvr 292 39 83
1qvr 82 84 87
1qvr 205 283 88
1qvr 402 380 89
1qvr 138 80 82
1qvr 487 192 88
1qvr 274 33 89
1qvr 365 219 87
1qvr 201 410 91
1qvr 490 457 91
1qvr 480 314 91
1qvr 263 364 91
1qvr 435 180 92
1qvr 405 225 92
1qvr 298 154 92
1qvr 100 190 90
1qvr 248 214 94
1qvr 488 345 94
1qvr 46 23 94
1qvr 61 64 94
1qvr 297 397 94
1qvr 91 219 93
1qvr 137 87 90
1qvr 62 92 96
1qvr 262 129 96
1qvr 265 195 96
1qvr 324 406 96
1qvr 120 311 100
1qvr 76 361 97
1qvr 467 401 98
1qvr 343 261 102
1qvr 437 469 94
1qvr 255 31 102
1qvr 370 113 100
1qvr 280 48 103
1qvr 341 148 103
1qvr 39 283 101
1qvr 254 292 104
1qvr 439 358 96
1qvr 317 377 104
1qvr 111 128 105
1qvr 397 263 104
1qvr 227 281 104
1qvr 107 328 102
1qvr 310 419 106
1qvr 323 113 105
1qvr 424 212 106
1qvr 88 261 106
1qvr 276 439 107
1qvr 386 242 109
1qvr 334 80 109
1qvr 353 315 110
1qvr 63 430 109
1qvr 408 100 108
1qvr 460 258 110
1qvr 404 33 113
1qvr 82 320 111
1qvr 389 146 109
1qvr 382 144 108
1qvr 258 212 114
1qvr 97 362 114
1qvr 138 30 116
1qvr 442 53 118
1qvr 218 265 117
1qvr 131 404 118
1qvr 379 382 119
1qvr 167 34 119
1qvr 275 272 115
1qvr 233 330 120
1qvr 354 413 118
1qvr 165 257 120
1qvr 169 181 121
1qvr 48 230 121
1qvr 394 275 122
1qvr 55 483 122
1qvr 316 38 122
1qvr 268 280 116
1qvr 118 483 122
1qvr 340 295 123
1qvr 443 425 126
1qvr 270 276 120
1qvr 199 365 128
1qvr 77 444 123
1qvr 166 313 130
1qvr 241 74 128
1qvr 454 140 125
1qvr 46 163 131
1qvr 132 361 126
1qvr 179 285 126
1qvr 303 435 132
1qvr 462 118 134
1qvr 208 234 126
1qvr 38 266 135
1qvr 115 286 127
1qvr 362 235 128
1qvr 413 450 135
1qvr 403 38 139
1qvr 139 60 139
1qvr 238 70 130
1qvr 484 207 138
1qvr 208 235 137
1qvr 482 374 137
1qvr 407 318 139
1qvr 165 478 138
1qvr 409 150 141
1qvr 173 166 140
1qvr 221 312 143
1qvr 389 415 141
1qvr 152 457 142
1qvr 468 455 142
1qvr 327 306 143
1qvr 298 240 143
1qvr 442 247 137
1qvr 49 63 144
1qvr 235 82 145
1qvr 138 260 144
1qvr 326 462 144
1qvr 190 135 146
1qvr 311 165 146
1qvr 41 229 145
1qvr 268 228 145
1qvr 319 354 146
1qvr 462 317 147
1qvr 218 235 152
1qvr 412 335 153
1qvr 299 105 153
1qvr 479 125 152
1qvr 205 218 153
1qvr 337 69 151
1qvr 468 97 154
1qvr 145 108 156
1qvr 434 486 149
1qvr 290 72 150
1qvr 312 219 155
1qvr 433 336 158
1qvr 180 122 157
1qvr 479 320 158
1qvr 339 282 159
1qvr 51 59 153
1qvr 445 72 155
1qvr 295 450 162
1qvr 127 464 161
1qvr 482 475 161
1qvr 334 63 154
1qvr 136 356 162
1qvr 334 363 160
1qvr 304 144 158
1qvr 262 245 164
1qvr 132 323 163
1qvr 107 108 163
1qvr 61 369 164
1qvr 387 401 164
1qvr 98 273 166
1qvr 244 361 159
1qvr 337 328 167
1qvr 413 348 168
1qvr 293 221 170
1qvr 341 54 170
1qvr 442 403 170
1qvr 136 260 170
1qvr 170 149 173
1qvr 41 344 172
1qvr 253 330 174
1qvr 319 425 173
1qvr 168 437 174
1qvr 304 72 167
1qvr 408 269 174
1qvr 332 473 174
1qvr 365 68 170
1qvr 192 33 176
1qvr 406 417 177
1qvr 146 29 179
