3cf3 96 36 3
3cf3 442 102 4
3cf3 367 133 7
3cf3 374 169 4
3cf3 456 157 11
3cf3 86 157 19
3cf3 329 328 18
3cf3 379 52 20
3cf3 196 160 19
3cf3 469 278 19
3cf3 219 308 18
3cf3 282 66 18
3cf3 93 281 21
3cf3 110 403 21
3cf3 123 416 19
3cf3 192 279 21
3cf3 286 343 22
3cf3 193 66 26
3cf3 37 206 25
3cf3 46 267 23
3cf3 139 316 25
3cf3 181 357 27
3cf3 379 92 25
3cf3 119 120 28
3cf3 246 45 28
3cf3 334 111 28
3cf3 139 145 21
3cf3 77 358 21
3cf3 158 394 21
3cf3 356 106 29
3cf3 151 433 27
3cf3 242 452 28
3cf3 333 38 30
3cf3 76 355 25
3cf3 440 489 32
3cf3 88 447 33
3cf3 89 308 35
3cf3 88 344 36
3cf3 313 411 38
3cf3 451 252 38
3cf3 55 357 37
3cf3 168 113 39
3cf3 159 419 39
3cf3 284 168 41
3cf3 195 27 43
3cf3 307 59 36
3cf3 337 65 42
3cf3 339 184 45
3cf3 138 34 41
3cf3 78 182 45
3cf3 235 448 46
3cf3 455 219 42
3cf3 179 251 46
3cf3 468 296 48
3cf3 312 134 44
3cf3 321 54 49
3cf3 305 424 50
3cf3 193 289 44
3cf3 361 424 46
3cf3 300 444 49
3cf3 219 245 51
3cf3 132 257 53
3cf3 132 466 51
3cf3 220 175 55
3cf3 211 220 52
3cf3 110 321 55
3cf3 141 353 50
3cf3 419 421 54
3cf3 154 56 56
3cf3 355 381 55
3cf3 122 400 57
3cf3 196 42 59
3cf3 240 140 59
3cf3 407 175 59
3cf3 415 297 61
3cf3 441 137 55
3cf3 490 435 61
3cf3 466 325 64
3cf3 302 58 62
3cf3 282 162 64
3cf3 235 474 62
3cf3 456 139 65
3cf3 175 95 66
3cf3 172 57 67
3cf3 370 65 67
3cf3 231 175 67
3cf3 386 339 67
3cf3 166 461 68
3cf3 368 289 66
3cf3 50 261 73
3cf3 232 399 72
3cf3 460 469 75
3cf3 481 67 73
3cf3 58 137 78
3cf3 216 157 75
3cf3 468 183 73
3cf3 170 321 78
3cf3 331 369 78
3cf3 388 409 74
3cf3 192 415 73
3cf3 436 428 79
3cf3 66 478 75
3cf3 429 15 74
3cf3 135 317 80
3cf3 296 44 81
3cf3 280 369 83
3cf3 340 399 84
3cf3 251 426 83
3cf3 395 472 84
3cf3 201 108 84
3cf3 262 397 85
3cf3 263 165 88
3cf3 170 344 89
3cf3 371 190 88
3cf3 224 344 85
3cf3 51 467 89
3cf3 134 61 89
3cf3 65 308 88
3cf3 343 197 89
3cf3 406 182 90
3cf3 226 456 91
3cf3 178 185 92
3cf3 379 70 89
3cf3 157 100 90
3cf3 404 337 97
3cf3 34 471 96
3cf3 416 127 97
3cf3 441 50 98
3cf3 487 102 97
3cf3 110 447 99
3cf3 386 69 92
3cf3 39 267 93
3cf3 225 426 97
3cf3 119 255 99
3cf3 123 477 93
3cf3 422 56 101
3cf3 20 362 100
3cf3 126 480 94
3cf3 473 226 99
3cf3 121 483 96
3cf3 241 112 103
3cf3 299 246 103
3cf3 182 84 104
3cf3 159 138 104
3cf3 321 94 107
3cf3 452 279 108
3cf3 98 201 108
3cf3 488 84 110
3cf3 330 49 111
3cf3 138 274 112
3cf3 176 473 110
3cf3 135 476 110
3cf3 207 480 113
3cf3 102 325 108
3cf3 239 38 115
3cf3 466 340 115
3cf3 317 489 116
3cf3 52 402 118
3cf3 180 125 118
3cf3 81 148 120
3cf3 478 266 120
3cf3 121 39 120
3cf3 25 433 115
3cf3 157 76 122
3cf3 463 401 121
3cf3 78 19 123
3cf3 391 175 122
3cf3 213 208 123
3cf3 74 489 125
3cf3 482 353 125
3cf3 118 285 124
3cf3 76 275 131
3cf3 408 25 130
3cf3 37 148 133
3cf3 462 299 131
3cf3 27 390 132
3cf3 208 236 132
3cf3 195 43 134
3cf3 307 56 129
3cf3 268 66 134
3cf3 154 169 130
3cf3 102 260 130
3cf3 266 377 134
3cf3 33 493 132
3cf3 353 26 130
3cf3 281 167 136
3cf3 163 352 136
3cf3 383 106 135
3cf3 165 412 137
3cf3 175 190 139
3cf3 137 474 141
3cf3 78 64 140
3cf3 474 348 141
3cf3 271 425 143
3cf3 24 182 144
3cf3 442 407 140
3cf3 132 30 147
3cf3 272 232 141
3cf3 61 387 148
3cf3 490 467 146
3cf3 80 468 144
3cf3 465 20 147
3cf3 390 25 147
3cf3 245 32 149
3cf3 447 379 149
3cf3 59 102 148
3cf3 455 413 153
3cf3 435 36 152
3cf3 381 220 152
3cf3 102 23 154
3cf3 347 320 153
3cf3 367 92 154
3cf3 248 125 153
3cf3 314 212 154
3cf3 226 366 153
3cf3 72 188 155
3cf3 201 73 149
3cf3 103 269 150
3cf3 405 161 158
3cf3 224 98 158
3cf3 363 155 157
3cf3 139 444 158
3cf3 113 492 159
3cf3 395 71 160
3cf3 108 269 154
3cf3 339 474 159
3cf3 111 444 157
3cf3 50 145 158
3cf3 41 239 162
3cf3 109 412 162
3cf3 59 236 164
3cf3 130 131 158
3cf3 99 174 163
3cf3 65 396 165
3cf3 96 354 164
3cf3 115 355 166
3cf3 125 126 162
3cf3 19 219 168
3cf3 28 262 167
3cf3 189 288 167
3cf3 211 298 168
3cf3 417 391 168
3cf3 98 477 170
3cf3 80 484 169
3cf3 236 259 171
3cf3 351 263 170
3cf3 180 308 172
3cf3 277 352 170
3cf3 487 440 172
3cf3 349 424 174
3cf3 160 240 174
3cf3 234 473 174
3cf3 182 61 174
3cf3 337 349 176
3cf3 405 109 176
3cf3 18 291 176
3cf3 242 38 174
3cf3 336 81 176
3cf3 125 92 178
3cf3 126 483 177
3cf3 161 84 178
3cf3 20 308 179
3cf3 362 315 175
3cf3 60 445 178
3cf3 372 161 179
3cf3 427 22 179
3cf3 67 68 176
3cf3 66 75 176
3cf3 284 424 180
3cf3 80 82 183
3cf3 317 249 186
3cf3 83 88 188
3cf3 81 436 188
3cf3 86 183 194
1s3x 18 41 3
1s3x 363 56 2
1s3x 171 96 9
1s3x 412 54 10
1s3x 124 60 11
1s3x 88 295 11
1s3x 364 442 10
1s3x 371 105 14
1s3x 173 324 15
1s3x 251 457 15
1s3x 322 482 15
1s3x 76 36 16
1s3x 472 139 15
1s3x 320 292 16
1s3x 227 135 17
1s3x 493 302 18
1s3x 241 397 18
1s3x 12 445 17
1s3x 269 356 17
1s3x 355 437 19
1s3x 323 91 20
1s3x 241 325 19
1s3x 146 488 21
1s3x 314 153 22
1s3x 236 288 21
1s3x 219 416 24
1s3x 78 69 23
1s3x 478 305 24
1s3x 94 486 26
1s3x 285 234 27
1s3x 19 152 28
1s3x 127 178 30
1s3x 445 198 30
1s3x 54 83 34
1s3x 436 320 32
1s3x 438 179 35
1s3x 178 179 36
1s3x 428 408 35
1s3x 159 326 37
1s3x 452 429 38
1s3x 302 266 37
1s3x 222 299 40
1s3x 75 123 42
1s3x 78 482 39
1s3x 175 57 44
1s3x 433 110 43
1s3x 478 151 45
1s3x 46 285 44
1s3x 137 280 46
1s3x 158 333 46
1s3x 203 334 47
1s3x 37 91 46
1s3x 381 118 47
1s3x 357 280 47
1s3x 149 331 47
1s3x 211 474 48
1s3x 186 149 48
1s3x 192 163 50
1s3x 302 329 48
1s3x 472 68 51
1s3x 175 161 51
1s3x 452 307 51
1s3x 249 75 51
1s3x 361 168 53
1s3x 310 195 50
1s3x 421 374 52
1s3x 485 49 52
1s3x 205 176 54
1s3x 397 447 53
1s3x 235 35 56
1s3x 473 96 56
1s3x 62 233 56
1s3x 147 378 56
1s3x 273 408 56
1s3x 428 229 56
1s3x 137 120 58
1s3x 112 184 60
1s3x 110 457 58
1s3x 251 161 59
1s3x 411 394 62
1s3x 87 50 64
1s3x 187 368 63
1s3x 445 467 63
1s3x 429 262 63
1s3x 395 284 66
1s3x 261 412 64
1s3x 273 352 67
1s3x 74 23 68
1s3x 469 398 68
1s3x 16 95 69
1s3x 42 158 68
1s3x 290 350 66
1s3x 415 389 68
1s3x 42 426 68
1s3x 108 57 69
1s3x 45 380 69
1s3x 50 407 69
1s3x 438 9 69
1s3x 207 217 68
1s3x 92 249 70
1s3x 435 160 73
1s3x 191 191 72
1s3x 418 208 73
1s3x 409 221 73
1s3x 386 315 73
1s3x 327 14 73
1s3x 332 69 74
1s3x 233 243 75
1s3x 433 491 75
1s3x 63 501 80
1s3x 31 80 81
1s3x 96 453 82
1s3x 313 200 83
1s3x 508 437 83
1s3x 275 419 85
1s3x 135 25 86
1s3x 489 384 86
1s3x 162 388 87
1s3x 26 433 85
1s3x 233 444 86
1s3x 52 104 89
1s3x 427 301 86
1s3x 230 364 88
1s3x 169 121 88
1s3x 251 304 91
1s3x 344 76 93
1s3x 449 82 94
1s3x 314 40 94
1s3x 478 335 94
1s3x 176 433 95
1s3x 478 90 96
1s3x 220 245 95
1s3x 340 281 95
1s3x 391 437 97
1s3x 106 173 98
1s3x 433 282 98
1s3x 41 77 100
1s3x 374 66 101
1s3x 212 166 101
1s3x 379 256 99
1s3x 298 29 101
1s3x 355 283 99
1s3x 250 451 102
1s3x 470 306 105
1s3x 227 353 103
1s3x 82 491 105
1s3x 452 118 104
1s3x 9 273 106
1s3x 344 404 109
1s3x 362 189 110
1s3x 361 233 109
1s3x 309 149 110
1s3x 132 300 111
1s3x 201 400 110
1s3x 290 303 112
1s3x 396 401 114
1s3x 459 173 114
1s3x 401 75 115
1s3x 175 284 115
1s3x 208 349 116
1s3x 295 52 116
1s3x 339 218 114
1s3x 169 107 116
1s3x 374 278 117
1s3x 246 315 117
1s3x 134 339 117
1s3x 52 105 124
1s3x 259 50 123
1s3x 173 72 123
1s3x 158 116 123
1s3x 396 393 125
1s3x 93 201 126
1s3x 332 233 126
1s3x 373 429 126
1s3x 363 148 128
1s3x 277 19 129
1s3x 204 166 131
1s3x 467 240 132
1s3x 274 192 133
1s3x 141 439 134
1s3x 176 40 137
1s3x 301 195 138
1s3x 38 251 137
1s3x 260 257 136
1s3x 191 271 139
1s3x 344 90 142
1s3x 259 152 142
1s3x 156 27 143
1s3x 429 356 141
1s3x 354 197 141
1s3x 244 343 142
1s3x 468 35 145
1s3x 279 345 146
1s3x 266 412 147
1s3x 458 232 149
1s3x 430 246 149
1s3x 238 139 149
1s3x 327 224 151
1s3x 484 497 153
1s3x 409 99 153
1s3x 45 395 154
1s3x 221 145 153
1s3x 320 489 155
1s3x 488 217 154
1s3x 208 377 153
1s3x 176 379 155
1s3x 307 439 155
1s3x 33 476 159
1s3x 319 333 160
1s3x 483 25 163
1s3x 219 451 161
1s3x 346 125 163
1s3x 422 282 164
1s3x 454 316 165
1s3x 467 429 165
1s3x 212 233 169
1s3x 148 254 170
1s3x 469 312 170
1s3x 116 480 171
1s3x 479 54 171
1s3x 63 31 171
1s3x 129 274 171
1s3x 9 375 172
1s3x 55 216 172
1s3x 380 448 173
1s3x 396 483 171
1s3x 224 195 173
1s3x 393 290 177
1s3x 91 73 176
1s3x 307 237 178
1s3x 205 57 177
1s3x 286 373 177
1s3x 369 393 180
1s3x 281 401 180
1s3x 454 279 181
1s3x 238 392 183
1s3x 223 43 182
1s3x 233 75 183
1s3x 459 250 185
1s3x 242 428 183
1s3x 378 252 184
1s3x 199 388 187
1s3x 79 95 189
1s3x 136 399 188
1s3x 309 267 188
1s3x 456 441 192
1s3x 86 479 195
1u6g 184 293 15
1u6g 308 16 17
1u6g 188 183 17
1u6g 268 150 17
1u6g 80 264 18
1u6g 227 41 19
1u6g 183 409 19
1u6g 66 56 21
1u6g 33 340 20
1u6g 222 362 19
1u6g 32 21 18
1u6g 210 329 23
1u6g 395 329 23
1u6g 113 63 23
1u6g 375 77 25
1u6g 368 195 27
1u6g 436 265 23
1u6g 246 96 26
1u6g 206 88 26
1u6g 164 285 24
1u6g 157 394 28
1u6g 455 210 28
1u6g 458 180 31
1u6g 343 180 29
1u6g 97 46 30
1u6g 407 268 31
1u6g 123 223 33
1u6g 346 466 32
1u6g 135 58 32
1u6g 380 234 30
1u6g 92 330 30
1u6g 34 168 35
1u6g 483 62 31
1u6g 203 168 37
1u6g 416 18 39
1u6g 399 88 39
1u6g 326 356 41
1u6g 121 198 42
1u6g 22 361 42
1u6g 244 405 41
1u6g 495 227 42
1u6g 237 98 43
1u6g 398 227 46
1u6g 21 56 49
1u6g 324 418 47
1u6g 388 151 47
1u6g 168 34 50
1u6g 305 266 49
1u6g 187 298 51
1u6g 20 413 52
1u6g 391 458 49
1u6g 153 277 52
1u6g 437 481 50
1u6g 184 68 53
1u6g 33 170 54
1u6g 283 293 53
1u6g 259 45 57
1u6g 482 80 55
1u6g 123 149 54
1u6g 263 452 57
1u6g 219 147 52
1u6g 91 331 57
1u6g 98 471 57
1u6g 333 493 56
1u6g 404 330 56
1u6g 455 253 58
1u6g 363 493 58
1u6g 316 151 61
1u6g 243 374 60
1u6g 30 224 60
1u6g 101 173 63
1u6g 87 363 61
1u6g 370 244 63
1u6g 409 450 64
1u6g 26 252 66
1u6g 314 116 66
1u6g 173 442 67
1u6g 104 75 68
1u6g 386 317 68
1u6g 415 278 68
1u6g 259 35 69
1u6g 112 129 68
1u6g 159 129 68
1u6g 95 466 69
1u6g 400 16 75
1u6g 340 30 77
1u6g 369 66 74
1u6g 118 88 78
1u6g 245 166 74
1u6g 57 226 78
1u6g 352 418 75
1u6g 372 426 75
1u6g 490 480 74
1u6g 176 304 75
1u6g 130 201 77
1u6g 187 340 74
1u6g 44 479 77
1u6g 441 242 78
1u6g 335 323 83
1u6g 23 485 84
1u6g 88 280 86
1u6g 294 414 85
1u6g 483 402 86
1u6g 187 35 87
1u6g 199 193 88
1u6g 446 68 87
1u6g 103 469 89
1u6g 427 243 84
1u6g 62 389 89
1u6g 451 414 91
1u6g 461 121 89
1u6g 101 146 92
1u6g 227 306 94
1u6g 464 115 91
1u6g 124 483 94
1u6g 189 333 92
1u6g 195 346 97
1u6g 407 76 96
1u6g 117 83 99
1u6g 182 29 99
1u6g 164 285 97
1u6g 155 395 100
1u6g 479 227 99
1u6g 146 467 100
1u6g 151 235 101
1u6g 424 229 103
1u6g 101 321 98
1u6g 254 148 105
1u6g 19 228 105
1u6g 34 303 106
1u6g 479 471 107
1u6g 484 42 108
1u6g 155 120 109
1u6g 35 281 104
1u6g 413 357 103
1u6g 50 494 108
1u6g 407 300 109
1u6g 105 321 107
1u6g 384 450 110
1u6g 417 356 108
1u6g 67 38 115
1u6g 379 196 114
1u6g 408 347 115
1u6g 197 134 116
1u6g 273 272 115
1u6g 275 165 119
1u6g 221 107 120
1u6g 146 182 114
1u6g 369 250 120
1u6g 340 160 121
1u6g 90 445 118
1u6g 273 108 123
1u6g 196 184 119
1u6g 123 242 123
1u6g 285 331 119
1u6g 332 441 123
1u6g 394 458 124
1u6g 63 327 124
1u6g 60 16 127
1u6g 251 186 124
1u6g 243 418 125
1u6g 97 260 125
1u6g 225 93 130
1u6g 492 472 128
1u6g 478 122 131
1u6g 376 365 132
1u6g 483 290 133
1u6g 428 495 127
1u6g 309 203 129
1u6g 130 212 131
1u6g 148 466 129
1u6g 281 57 130
1u6g 412 179 135
1u6g 487 182 131
1u6g 436 292 134
1u6g 327 329 137
1u6g 108 249 138
1u6g 199 326 138
1u6g 136 130 140
1u6g 338 352 139
1u6g 61 319 142
1u6g 235 153 140
1u6g 110 478 141
1u6g 222 65 145
1u6g 146 234 143
1u6g 244 198 146
1u6g 222 439 141
1u6g 98 487 145
1u6g 363 475 146
1u6g 85 18 149
1u6g 229 220 149
1u6g 249 374 148
1u6g 190 410 148
1u6g 434 389 148
1u6g 391 367 151
1u6g 352 458 151
1u6g 104 262 152
1u6g 77 379 152
1u6g 69 159 148
1u6g 321 476 154
1u6g 296 194 158
1u6g 268 107 156
1u6g 296 262 160
1u6g 68 331 160
1u6g 211 337 158
1u6g 473 435 159
1u6g 168 304 160
1u6g 411 54 161
1u6g 291 21 160
1u6g 420 153 159
1u6g 223 335 161
1u6g 242 276 164
1u6g 194 445 164
1u6g 200 419 165
1u6g 196 76 166
1u6g 97 179 162
1u6g 78 467 162
1u6g 454 126 166
1u6g 292 130 168
1u6g 322 140 170
1u6g 373 369 170
1u6g 363 91 172
1u6g 100 295 175
1u6g 285 243 178
1u6g 59 276 176
1u6g 76 36 179
1u6g 133 240 180
1u6g 425 325 174
1u6g 299 166 181
1u6g 93 255 181
1u6g 119 467 181
1u6g 41 459 180
1u6g 85 86 181
1u6g 221 81 179
1u6g 396 254 179
1u6g 305 363 184
1u6g 317 254 187
1u6g 203 387 190
4cr2 324 253 28
4cr2 138 140 23
4cr2 365 108 32
4cr2 452 160 31
4cr2 374 284 29
4cr2 43 480 30
4cr2 397 470 30
4cr2 307 240 34
4cr2 136 163 35
4cr2 229 175 34
4cr2 338 345 38
4cr2 408 407 32
4cr2 433 32 32
4cr2 240 230 34
4cr2 329 453 36
4cr2 366 256 42
4cr2 277 308 36
4cr2 59 369 35
4cr2 358 161 37
4cr2 166 268 39
4cr2 236 361 39
4cr2 386 207 40
4cr2 182 218 40
4cr2 457 367 41
4cr2 447 447 41
4cr2 393 51 44
4cr2 66 220 32
4cr2 401 430 44
4cr2 391 253 41
4cr2 333 481 44
4cr2 288 48 44
4cr2 246 166 46
4cr2 267 470 49
4cr2 63 229 36
4cr2 469 233 48
4cr2 223 381 49
4cr2 350 33 52
4cr2 157 234 53
4cr2 338 393 51
4cr2 315 305 53
4cr2 243 277 51
4cr2 180 347 51
4cr2 102 394 50
4cr2 418 478 51
4cr2 364 163 43
4cr2 327 273 52
4cr2 211 292 51
4cr2 210 155 52
4cr2 384 182 59
4cr2 264 205 53
4cr2 444 334 53
4cr2 51 58 59
4cr2 64 413 56
4cr2 455 44 57
4cr2 149 425 59
4cr2 195 194 62
4cr2 317 243 61
4cr2 379 368 61
4cr2 408 35 61
4cr2 223 60 52
4cr2 305 395 62
4cr2 325 343 63
4cr2 285 356 52
4cr2 88 103 62
4cr2 156 203 64
4cr2 300 279 64
4cr2 136 96 63
4cr2 467 182 64
4cr2 253 309 64
4cr2 234 353 65
4cr2 424 54 71
4cr2 55 172 71
4cr2 226 203 70
4cr2 47 351 71
4cr2 341 456 69
4cr2 382 31 72
4cr2 308 221 70
4cr2 280 257 68
4cr2 305 440 68
4cr2 376 393 61
4cr2 384 395 64
4cr2 172 436 72
4cr2 342 104 81
4cr2 110 250 71
4cr2 109 379 70
4cr2 234 432 63
4cr2 481 67 68
4cr2 228 123 66
4cr2 366 147 68
4cr2 196 323 73
4cr2 184 481 74
4cr2 231 324 75
4cr2 387 405 67
4cr2 230 293 69
4cr2 375 399 69
4cr2 113 332 70
4cr2 28 464 70
4cr2 311 31 77
4cr2 57 33 74
4cr2 313 118 77
4cr2 109 126 76
4cr2 153 129 78
4cr2 231 136 80
4cr2 365 130 81
4cr2 128 173 80
4cr2 69 202 73
4cr2 175 357 74
4cr2 136 356 81
4cr2 444 365 73
4cr2 437 393 80
4cr2 126 438 77
4cr2 369 438 76
4cr2 414 441 77
4cr2 207 463 79
4cr2 105 73 73
4cr2 285 337 75
4cr2 46 439 85
4cr2 103 73 75
4cr2 286 175 83
4cr2 355 245 84
4cr2 147 83 87
4cr2 428 244 77
4cr2 251 433 78
4cr2 368 167 89
4cr2 427 277 87
4cr2 482 281 87
4cr2 417 362 88
4cr2 69 414 83
4cr2 155 156 92
4cr2 357 276 88
4cr2 257 437 80
4cr2 227 67 90
4cr2 426 150 91
4cr2 217 101 86
4cr2 302 333 92
4cr2 360 213 83
4cr2 304 372 91
4cr2 145 36 91
4cr2 401 43 94
4cr2 185 314 95
4cr2 63 360 95
4cr2 266 361 87
4cr2 279 114 99
4cr2 38 246 98
4cr2 60 273 96
4cr2 259 364 88
4cr2 49 223 100
4cr2 448 357 96
4cr2 248 326 100
4cr2 300 279 99
4cr2 126 387 102
4cr2 412 411 104
4cr2 276 154 106
4cr2 32 140 106
4cr2 31 195 104
4cr2 242 255 104
4cr2 399 322 108
4cr2 156 410 107
4cr2 447 162 108
4cr2 322 180 106
4cr2 256 379 109
4cr2 378 114 98
4cr2 38 106 107
4cr2 422 174 110
4cr2 261 477 109
4cr2 199 57 109
4cr2 185 383 107
4cr2 166 223 110
4cr2 208 444 112
4cr2 211 265 114
4cr2 264 310 113
4cr2 248 351 113
4cr2 407 93 111
4cr2 316 132 113
4cr2 142 177 105
4cr2 80 380 115
4cr2 435 107 117
4cr2 91 166 114
4cr2 375 111 109
4cr2 330 197 117
4cr2 423 216 107
4cr2 417 77 119
4cr2 432 391 118
4cr2 295 114 118
4cr2 354 127 119
4cr2 74 456 115
4cr2 291 33 121
4cr2 56 216 113
4cr2 430 263 125
4cr2 94 301 124
4cr2 380 79 122
4cr2 98 357 115
4cr2 352 91 122
4cr2 26 147 115
4cr2 120 188 126
4cr2 274 469 124
4cr2 432 365 122
4cr2 448 84 126
4cr2 404 223 128
4cr2 360 234 123
4cr2 119 293 127
4cr2 211 299 128
4cr2 31 466 130
4cr2 412 130 129
4cr2 130 220 129
4cr2 407 371 129
4cr2 319 153 131
4cr2 441 222 135
4cr2 444 344 132
4cr2 321 396 130
4cr2 68 488 124
4cr2 304 93 131
4cr2 104 421 129
4cr2 103 55 135
4cr2 430 193 134
4cr2 417 398 135
4cr2 350 114 133
4cr2 30 420 139
4cr2 468 75 137
4cr2 304 18 129
4cr2 241 74 130
4cr2 230 124 128
4cr2 391 142 131
4cr2 339 295 129
4cr2 174 307 129
4cr2 306 345 128
4cr2 102 384 140
4cr2 391 396 140
4cr2 79 445 129
4cr2 382 58 141
4cr2 169 103 139
4cr2 307 340 129
4cr2 162 379 141
4cr2 245 321 144
4cr2 90 348 140
4cr2 301 38 144
4cr2 462 268 145
4cr2 107 154 145
4cr2 383 422 137
4cr2 453 82 138
4cr2 422 112 148
4cr2 222 135 151
4cr2 237 296 149
4cr2 77 284 150
4cr2 128 309 146
4cr2 377 417 139
4cr2 379 421 141
4cr2 360 51 151
4cr2 101 127 152
4cr2 301 138 154
4cr2 398 292 150
4cr2 426 461 152
4cr2 337 74 152
4cr2 32 86 151
4cr2 265 355 154
4cr2 216 415 155
4cr2 217 268 151
4cr2 384 341 157
4cr2 82 325 155
4cr2 43 444 156
4cr2 461 245 157
4cr2 300 288 157
4cr2 237 392 155
4cr2 434 433 151
4cr2 320 54 158
4cr2 310 315 158
4cr2 244 351 158
4cr2 446 66 159
4cr2 175 246 156
4cr2 240 419 162
4cr2 153 131 157
4cr2 114 434 157
4cr2 112 443 150
4cr2 210 163 161
4cr2 288 402 163
4cr2 157 475 166
4cr2 170 196 162
4cr2 448 301 161
4cr2 470 348 166
4cr2 131 412 163
4cr2 341 290 160
4cr2 132 193 168
4cr2 361 202 165
4cr2 199 360 166
4cr2 279 101 165
4cr2 205 213 158
4cr2 160 415 166
4cr2 142 110 159
4cr2 266 389 167
4cr2 142 105 162
4cr2 391 221 171
4cr2 370 422 169
4cr2 409 308 170
4cr2 441 396 162
4cr2 441 392 167
4cr2 69 72 181
1qvr 22 394 21
1qvr 195 423 21
1qvr 372 351 22
1qvr 298 167 24
1qvr 165 293 24
1qvr 146 327 17
1qvr 311 190 25
1qvr 255 306 26
1qvr 239 434 25
1qvr 306 114 27
1qvr 276 255 25
1qvr 80 110 28
1qvr 323 167 29
1qvr 64 226 27
1qvr 236 284 28
1qvr 315 222 30
1qvr 403 181 32
1qvr 33 434 33
1qvr 443 31 33
1qvr 224 43 33
1qvr 138 294 34
1qvr 219 436 34
1qvr 161 187 34
1qvr 459 313 37
1qvr 22 73 36
1qvr 240 318 36
1qvr 425 322 36
1qvr 106 279 37
1qvr 362 485 38
1qvr 76 48 38
1qvr 244 194 39
1qvr 470 406 39
1qvr 174 213 37
1qvr 133 395 41
1qvr 426 381 42
1qvr 454 125 44
1qvr 249 341 42
1qvr 219 460 44
1qvr 383 216 37
1qvr 358 55 46
1qvr 298 113 46
1qvr 60 299 45
1qvr 409 72 46
1qvr 379 216 40
1qvr 266 26 49
1qvr 337 140 42
1qvr 194 129 51
1qvr 391 216 43
1qvr 132 324 51
1qvr 311 83 51
1qvr 154 166 51
1qvr 65 209 52
1qvr 211 284 51
1qvr 66 375 52
1qvr 202 478 54
1qvr 104 89 56
1qvr 76 137 58
1qvr 164 306 57
1qvr 29 83 57
1qvr 151 147 57
1qvr 487 251 57
1qvr 96 268 56
1qvr 355 133 59
1qvr 435 145 58
1qvr 232 429 57
1qvr 458 149 64
1qvr 216 149 57
1qvr 123 213 58
1qvr 165 270 65
1qvr 348 352 64
1qvr 147 435 62
1qvr 231 115 64
1qvr 377 394 64
1qvr 264 128 65
1qvr 450 221 66
1qvr 269 423 66
1qvr 22 465 66
1qvr 141 427 66
1qvr 28 382 69
1qvr 303 445 67
1qvr 227 325 69
1qvr 311 450 69
1qvr 230 332 69
1qvr 116 230 76
1qvr 395 23 73
1qvr 449 33 77
1qvr 255 56 77
1qvr 102 74 75
1qvr 186 76 78
1qvr 175 170 79
1qvr 435 246 79
1qvr 302 279 74
1qvr 252 308 75
1qvr 176 362 77
1qvr 442 429 76
1qvr 208 82 81
1qvr 391 89 80
1qvr 152 450 81
1qvr 372 94 84
1qvr 458 93 84
1qvr 308 237 86
1qvr 294 416 81
1qvr 188 234 86
1qvr 79 236 84
1qvr 263 445 84
1qvr 295 50 84
1qvr 478 238 87
1qvr 119 279 87
1qvr 228 350 84
1qvr 75 417 85
1qvr 292 39 83
1qvr 82 84 87
1qvr 205 283 88
1qvr 402 380 89
1qvr 138 80 82
1qvr 487 192 88
1qvr 274 33 89
1qvr 365 219 87
1qvr 201 410 91
1qvr 490 457 91
1qvr 480 314 91
1qvr 263 364 91
1qvr 435 180 92
1qvr 405 225 92
1qvr 298 154 92
1qvr 100 190 90
1qvr 248 214 94
1qvr 488 345 94
1qvr 46 23 94
1qvr 61 64 94
1qvr 297 397 94
1qvr 91 219 93
1qvr 137 87 90
1qvr 62 92 96
1qvr 262 129 96
1qvr 265 195 96
1qvr 324 406 96
1qvr 120 311 100
1qvr 76 361 97
1qvr 467 401 98
1qvr 343 261 102
1qvr 437 469 94
1qvr 255 31 102
1qvr 370 113 100
1qvr 280 48 103
1qvr 341 148 103
1qvr 39 283 101
1qvr 254 292 104
1qvr 439 358 96
1qvr 317 377 104
1qvr 111 128 105
1qvr 397 263 104
1qvr 227 281 104
1qvr 107 328 102
1qvr 310 419 106
1qvr 323 113 105
1qvr 424 212 106
1qvr 88 261 106
1qvr 276 439 107
1qvr 386 242 109
1qvr 334 80 109
1qvr 353 315 110
1qvr 63 430 109
1qvr 408 100 108
1qvr 460 258 110
1qvr 404 33 113
1qvr 82 320 111
1qvr 389 146 109
1qvr 382 144 108
1qvr 258 212 114
1qvr 97 362 114
1qvr 138 30 116
1qvr 442 53 118
1qvr 218 265 117
1qvr 131 404 118
1qvr 379 382 119
1qvr 167 34 119
1qvr 275 272 115
1qvr 233 330 120
1qvr 354 413 118
1qvr 165 257 120
1qvr 169 181 121
1qvr 48 230 121
1qvr 394 275 122
1qvr 55 483 122
1qvr 316 38 122
1qvr 268 280 116
1qvr 118 483 122
1qvr 340 295 123
1qvr 443 425 126
1qvr 270 276 120
1qvr 199 365 128
1qvr 77 444 123
1qvr 166 313 130
1qvr 241 74 128
1qvr 454 140 125
1qvr 46 163 131
1qvr 132 361 126
1qvr 179 285 126
1qvr 303 435 132
1qvr 462 118 134
1qvr 208 234 126
1qvr 38 266 135
1qvr 115 286 127
1qvr 362 235 128
1qvr 413 450 135
1qvr 403 38 139
1qvr 139 60 139
1qvr 238 70 130
1qvr 484 207 138
1qvr 208 235 137
1qvr 482 374 137
1qvr 407 318 139
1qvr 165 478 138
1qvr 409 150 141
1qvr 173 166 140
1qvr 221 312 143
1qvr 389 415 141
1qvr 152 457 142
1qvr 468 455 142
1qvr 327 306 143
1qvr 298 240 143
1qvr 442 247 137
1qvr 49 63 144
1qvr 235 82 145
1qvr 138 260 144
1qvr 326 462 144
1qvr 190 135 146
1qvr 311 165 146
1qvr 41 229 145
1qvr 268 228 145
1qvr 319 354 146
1qvr 462 317 147
1qvr 218 235 152
1qvr 412 335 153
1qvr 299 105 153
1qvr 479 125 152
1qvr 205 218 153
1qvr 337 69 151
1qvr 468 97 154
1qvr 145 108 156
1qvr 434 486 149
1qvr 290 72 150
1qvr 312 219 155
1qvr 433 336 158
1qvr 180 122 157
1qvr 479 320 158
1qvr 339 282 159
1qvr 51 59 153
1qvr 445 72 155
1qvr 295 450 162
1qvr 127 464 161
1qvr 482 475 161
1qvr 334 63 154
1qvr 136 356 162
1qvr 334 363 160
1qvr 304 144 158
1qvr 262 245 164
1qvr 132 323 163
1qvr 107 108 163
1qvr 61 369 164
1qvr 387 401 164
1qvr 98 273 166
1qvr 244 361 159
1qvr 337 328 167
1qvr 413 348 168
1qvr 293 221 170
1qvr 341 54 170
1qvr 442 403 170
1qvr 136 260 170
1qvr 170 149 173
1qvr 41 344 172
1qvr 253 330 174
1qvr 319 425 173
1qvr 168 437 174
1qvr 304 72 167
1qvr 408 269 174
1qvr 332 473 174
1qvr 365 68 170
1qvr 192 33 176
1qvr 406 417 177
1qvr 146 29 179
3h84 459 74 11
3h84 194 82 16
3h84 262 456 18
3h84 320 464 16
3h84 343 158 17
3h84 294 285 18
3h84 397 353 18
3h84 269 364 16
3h84 391 493 21
3h84 318 40 18
3h84 135 177 19
3h84 82 463 21
3h84 466 89 21
3h84 420 91 23
3h84 85 433 21
3h84 138 42 21
3h84 235 285 20
3h84 364 386 24
3h84 432 418 23
3h84 452 94 24
3h84 230 104 26
3h84 294 79 26
3h84 414 131 24
3h84 109 134 27
3h84 39 29 29
3h84 85 218 31
3h84 105 223 31
3h84 187 124 31
3h84 298 409 30
3h84 39 40 28
3h84 196 72 27
3h84 357 374 29
3h84 17 435 29
3h84 253 77 30
3h84 348 373 29
3h84 130 322 30
3h84 394 87 30
3h84 270 453 34
3h84 290 130 32
3h84 127 314 32
3h84 182 84 38
3h84 88 484 34
3h84 279 75 38
3h84 301 274 36
3h84 334 320 38
3h84 426 427 37
3h84 382 115 38
3h84 452 294 42
3h84 305 390 39
3h84 243 392 40
3h84 234 125 42
3h84 22 451 42
3h84 159 15 42
3h84 50 464 43
3h84 390 324 44
3h84 388 23 44
3h84 334 84 45
3h84 76 271 46
3h84 311 357 43
3h84 328 360 44
3h84 17 399 46
3h84 411 341 47
3h84 241 417 48
3h84 31 489 50
3h84 45 272 49
3h84 447 282 50
3h84 493 292 51
3h84 81 449 49
3h84 372 24 50
3h84 33 329 50
3h84 363 476 51
3h84 264 128 49
3h84 489 159 51
3h84 375 346 54
3h84 150 442 47
3h84 269 396 53
3h84 64 218 51
3h84 79 249 54
3h84 278 184 55
3h84 23 265 54
3h84 317 103 57
3h84 256 251 55
3h84 213 173 55
3h84 95 127 63
3h84 90 297 60
3h84 362 19 61
3h84 285 309 60
3h84 75 322 61
3h84 117 264 65
3h84 253 405 65
3h84 340 237 60
3h84 276 317 66
3h84 319 177 66
3h84 422 257 64
3h84 334 308 61
3h84 113 489 65
3h84 326 25 66
3h84 208 135 67
3h84 100 148 62
3h84 162 327 64
3h84 171 328 65
3h84 443 193 68
3h84 186 401 68
3h84 72 20 65
3h84 486 96 68
3h84 270 241 72
3h84 320 75 69
3h84 205 248 69
3h84 90 433 66
3h84 90 479 69
3h84 90 219 69
3h84 450 258 69
3h84 12 114 70
3h84 485 22 75
3h84 227 36 77
3h84 440 53 75
3h84 88 157 76
3h84 254 194 74
3h84 321 264 76
3h84 463 300 77
3h84 365 353 75
3h84 38 453 75
3h84 219 482 75
3h84 41 99 80
3h84 282 117 75
3h84 481 257 80
3h84 342 293 80
3h84 318 381 80
3h84 251 351 81
3h84 177 273 84
3h84 326 491 85
3h84 388 54 88
3h84 89 138 85
3h84 358 210 83
3h84 421 476 87
3h84 491 156 87
3h84 441 349 85
3h84 76 39 88
3h84 213 102 90
3h84 78 334 90
3h84 384 393 89
3h84 205 27 92
3h84 401 164 92
3h84 112 379 92
3h84 274 210 92
3h84 117 65 96
3h84 434 74 99
3h84 262 80 97
3h84 283 209 92
3h84 308 310 92
3h84 224 159 95
3h84 141 40 101
3h84 86 65 96
3h84 389 104 100
3h84 434 370 101
3h84 324 72 97
3h84 434 309 97
3h84 33 349 102
3h84 41 124 105
3h84 451 390 103
3h84 18 172 105
3h84 30 35 107
3h84 395 173 107
3h84 242 305 108
3h84 368 450 107
3h84 273 235 109
3h84 357 237 108
3h84 139 317 109
3h84 372 24 109
3h84 44 375 111
3h84 62 164 111
3h84 184 296 112
3h84 332 354 112
3h84 357 291 112
3h84 149 61 113
3h84 417 146 112
3h84 310 219 112
3h84 29 382 115
3h84 62 283 116
3h84 436 202 116
3h84 30 480 116
3h84 480 459 116
3h84 341 212 115
3h84 329 381 118
3h84 30 176 121
3h84 122 460 120
3h84 199 174 121
3h84 189 272 123
3h84 486 494 119
3h84 55 420 124
3h84 227 381 125
3h84 104 468 125
3h84 205 24 126
3h84 147 309 129
3h84 339 335 130
3h84 368 119 132
3h84 181 146 126
3h84 266 335 131
3h84 437 245 130
3h84 447 313 135
3h84 262 17 134
3h84 308 120 136
3h84 377 281 135
3h84 340 477 134
3h84 317 229 134
3h84 241 267 134
3h84 243 208 135
3h84 335 51 135
3h84 278 198 135
3h84 394 369 133
3h84 63 469 137
3h84 185 254 139
3h84 281 127 140
3h84 482 147 140
3h84 394 262 140
3h84 397 372 136
3h84 125 77 142
3h84 187 206 141
3h84 244 350 139
3h84 490 22 142
3h84 65 427 139
3h84 130 169 144
3h84 289 211 141
3h84 386 246 145
3h84 117 26 143
3h84 366 357 150
3h84 393 91 150
3h84 196 118 148
3h84 315 362 147
3h84 346 424 148
3h84 262 137 154
3h84 436 485 148
3h84 228 330 148
3h84 362 315 155
3h84 386 320 152
3h84 181 90 156
3h84 416 278 154
3h84 174 435 154
3h84 269 493 157
3h84 192 279 152
3h84 316 413 156
3h84 244 174 158
3h84 202 213 152
3h84 46 307 157
3h84 237 251 157
3h84 490 75 157
3h84 366 228 158
3h84 188 271 154
3h84 290 234 160
3h84 169 74 163
3h84 404 146 160
3h84 256 180 163
3h84 164 27 163
3h84 64 145 161
3h84 95 93 166
3h84 164 2 163
3h84 265 151 167
3h84 43 193 165
3h84 241 381 167
3h84 113 338 167
3h84 83 390 171
3h84 466 401 166
3h84 148 93 173
3h84 204 226 174
3h84 135 59 177
3h84 325 247 178
3h84 22 340 177
3h84 101 441 175
3h84 385 448 172
3h84 418 277 178
3h84 283 329 178
3h84 210 375 177
3h84 258 28 180
3h84 353 316 177
3h84 273 116 178
3h84 231 279 180
3h84 42 246 183
3h84 204 332 183
3h84 263 238 181
2cg9 240 65 3
2cg9 151 346 3
2cg9 186 399 3
2cg9 108 52 12
2cg9 410 118 10
2cg9 204 472 10
2cg9 331 42 9
2cg9 158 40 14
2cg9 181 27 18
2cg9 330 156 17
2cg9 159 357 12
2cg9 31 441 18
2cg9 95 262 16
2cg9 252 339 17
2cg9 32 20 17
2cg9 157 355 15
2cg9 436 354 19
2cg9 342 445 18
2cg9 350 126 20
2cg9 57 354 18
2cg9 370 19 21
2cg9 418 108 24
2cg9 235 421 20
2cg9 208 36 24
2cg9 254 173 21
2cg9 74 391 23
2cg9 218 474 22
2cg9 447 326 25
2cg9 162 205 25
2cg9 372 210 24
2cg9 55 249 28
2cg9 22 333 28
2cg9 242 253 27
2cg9 452 52 27
2cg9 306 328 26
2cg9 15 463 28
2cg9 330 145 31
2cg9 380 133 34
2cg9 460 373 29
2cg9 317 19 34
2cg9 148 25 34
2cg9 162 128 34
2cg9 415 302 37
2cg9 267 179 36
2cg9 444 107 35
2cg9 15 44 38
2cg9 415 166 34
2cg9 166 186 35
2cg9 192 457 38
2cg9 464 465 34
2cg9 132 465 34
2cg9 469 335 40
2cg9 423 459 41
2cg9 180 484 37
2cg9 57 162 43
2cg9 37 154 44
2cg9 218 203 43
2cg9 378 398 42
2cg9 421 195 45
2cg9 284 238 44
2cg9 348 409 46
2cg9 180 114 46
2cg9 402 315 45
2cg9 375 308 47
2cg9 383 444 47
2cg9 47 126 50
2cg9 260 132 48
2cg9 385 393 44
2cg9 197 421 49
2cg9 337 46 51
2cg9 396 457 47
2cg9 271 113 52
2cg9 345 161 50
2cg9 33 349 54
2cg9 274 364 53
2cg9 99 485 53
2cg9 212 245 51
2cg9 455 99 54
2cg9 40 275 52
2cg9 187 325 54
2cg9 305 171 56
2cg9 353 230 57
2cg9 203 407 58
2cg9 178 452 56
2cg9 32 460 54
2cg9 24 126 59
2cg9 68 68 55
2cg9 56 94 63
2cg9 186 428 62
2cg9 334 236 62
2cg9 351 187 61
2cg9 207 234 69
2cg9 205 82 64
2cg9 434 264 65
2cg9 157 44 64
2cg9 207 298 67
2cg9 331 413 62
2cg9 68 26 66
2cg9 78 77 63
2cg9 140 402 67
2cg9 170 220 68
2cg9 413 318 68
2cg9 341 19 69
2cg9 372 290 70
2cg9 158 105 75
2cg9 317 246 73
2cg9 446 261 74
2cg9 43 327 78
2cg9 385 338 73
2cg9 469 379 75
2cg9 208 400 75
2cg9 83 168 73
2cg9 304 212 77
2cg9 45 477 78
2cg9 404 307 77
2cg9 41 480 77
2cg9 165 402 84
2cg9 161 180 83
2cg9 184 381 84
2cg9 133 227 82
2cg9 40 394 85
2cg9 389 267 84
2cg9 434 303 85
2cg9 68 461 84
2cg9 102 424 83
2cg9 340 132 89
2cg9 388 222 89
2cg9 407 255 91
2cg9 488 210 91
2cg9 282 243 91
2cg9 137 207 92
2cg9 193 333 91
2cg9 464 118 90
2cg9 487 260 93
2cg9 58 388 92
2cg9 291 63 94
2cg9 205 309 92
2cg9 436 475 96
2cg9 55 403 97
2cg9 68 192 96
2cg9 467 139 100
2cg9 150 314 97
2cg9 209 387 94
2cg9 450 458 97
2cg9 290 114 99
2cg9 21 207 96
2cg9 41 266 100
2cg9 346 461 100
2cg9 21 158 104
2cg9 21 454 102
2cg9 352 87 103
2cg9 204 279 100
2cg9 279 326 105
2cg9 204 326 102
2cg9 164 442 105
2cg9 79 473 106
2cg9 51 494 101
2cg9 298 464 102
2cg9 292 481 108
2cg9 472 75 108
2cg9 222 129 107
2cg9 140 184 107
2cg9 172 195 109
2cg9 256 82 111
2cg9 85 113 109
2cg9 426 460 111
2cg9 152 156 111
2cg9 52 495 107
2cg9 253 104 109
2cg9 259 173 113
2cg9 150 199 114
2cg9 152 379 115
2cg9 92 31 115
2cg9 236 177 116
2cg9 161 357 114
2cg9 102 102 119
2cg9 188 22 120
2cg9 410 273 118
2cg9 154 356 116
2cg9 48 275 120
2cg9 318 282 122
2cg9 45 209 121
2cg9 16 112 123
2cg9 436 141 122
2cg9 45 331 123
2cg9 278 416 122
2cg9 95 438 119
2cg9 472 202 123
2cg9 190 206 123
2cg9 327 465 123
2cg9 256 159 124
2cg9 113 164 124
2cg9 363 129 124
2cg9 310 58 125
2cg9 283 60 125
2cg9 140 86 124
2cg9 395 193 125
2cg9 310 200 125
2cg9 351 202 125
2cg9 349 23 126
2cg9 485 26 125
2cg9 231 120 125
2cg9 27 230 124
2cg9 318 367 125
2cg9 487 174 131
2cg9 321 247 132
2cg9 372 397 133
2cg9 212 473 133
2cg9 344 245 134
2cg9 425 418 134
2cg9 376 258 136
2cg9 423 52 139
2cg9 493 68 138
2cg9 417 256 139
2cg9 438 404 142
2cg9 335 282 143
2cg9 152 323 145
2cg9 223 437 141
2cg9 117 24 143
2cg9 170 291 145
2cg9 116 329 144
2cg9 26 331 146
2cg9 59 270 147
2cg9 369 115 147
2cg9 140 238 147
2cg9 48 256 149
2cg9 315 10 146
2cg9 172 234 145
2cg9 110 225 150
2cg9 495 304 150
2cg9 465 424 148
2cg9 54 20 153
2cg9 26 284 151
2cg9 85 51 152
2cg9 116 181 152
2cg9 401 448 153
2cg9 259 13 154
2cg9 42 364 152
2cg9 90 249 155
2cg9 49 328 157
2cg9 110 87 157
2cg9 133 118 156
2cg9 180 87 155
2cg9 279 321 160
2cg9 57 38 160
2cg9 21 106 160
2cg9 314 249 157
2cg9 226 339 158
2cg9 34 378 158
2cg9 249 149 160
2cg9 419 154 159
2cg9 474 217 160
2cg9 404 247 163
2cg9 125 282 161
2cg9 464 461 164
2cg9 328 180 163
2cg9 164 46 164
2cg9 200 112 165
2cg9 247 83 165
2cg9 364 120 164
2cg9 225 332 160
2cg9 479 213 161
2cg9 33 170 164
2cg9 313 383 169
2cg9 487 400 167
2cg9 126 125 164
2cg9 421 450 167
2cg9 83 60 169
2cg9 24 139 169
2cg9 319 103 170
2cg9 61 415 171
2cg9 26 426 169
2cg9 133 115 172
2cg9 226 175 171
2cg9 393 254 173
2cg9 94 418 173
2cg9 369 65 172
2cg9 21 244 173
2cg9 381 493 175
2cg9 128 33 175
2cg9 238 85 178
2cg9 480 294 178
2cg9 94 331 176
2cg9 77 204 178
2cg9 346 25 182
2cg9 428 198 176
2cg9 414 241 176
2cg9 337 271 178
2cg9 263 235 180
2cg9 406 221 182
2cg9 342 247 182
2cg9 57 167 182
2cg9 448 335 184
2cg9 365 436 184
2cg9 32 136 182
2cg9 140 382 187
2cg9 397 108 193
3qm1 331 145 9
3qm1 320 223 10
3qm1 239 14 11
3qm1 364 444 10
3qm1 74 20 13
3qm1 465 12 14
3qm1 135 96 14
3qm1 210 125 14
3qm1 127 221 14
3qm1 319 378 15
3qm1 322 484 12
3qm1 471 140 15
3qm1 178 426 15
3qm1 457 106 18
3qm1 386 313 17
3qm1 282 322 18
3qm1 357 168 17
3qm1 157 248 19
3qm1 499 312 20
3qm1 268 356 18
3qm1 264 125 21
3qm1 240 325 20
3qm1 223 57 22
3qm1 348 76 21
3qm1 445 140 23
3qm1 270 99 23
3qm1 312 153 22
3qm1 235 418 22
3qm1 413 130 25
3qm1 479 305 23
3qm1 341 447 22
3qm1 145 489 22
3qm1 97 118 26
3qm1 21 193 26
3qm1 418 372 27
3qm1 163 453 27
3qm1 26 459 24
3qm1 250 415 28
3qm1 69 457 27
3qm1 102 84 30
3qm1 286 134 28
3qm1 253 159 29
3qm1 94 486 27
3qm1 182 168 30
3qm1 63 303 31
3qm1 350 489 29
3qm1 435 257 32
3qm1 465 327 32
3qm1 332 276 34
3qm1 267 268 36
3qm1 69 425 36
3qm1 206 84 38
3qm1 465 464 35
3qm1 224 87 39
3qm1 229 477 39
3qm1 490 482 40
3qm1 186 61 40
3qm1 230 158 40
3qm1 488 301 41
3qm1 99 496 40
3qm1 160 324 38
3qm1 253 74 43
3qm1 429 78 40
3qm1 36 451 44
3qm1 501 53 42
3qm1 366 84 43
3qm1 140 94 46
3qm1 152 261 48
3qm1 257 301 47
3qm1 334 106 48
3qm1 434 266 49
3qm1 356 280 47
3qm1 148 441 49
3qm1 279 69 48
3qm1 336 294 50
3qm1 247 33 52
3qm1 45 165 51
3qm1 150 459 49
3qm1 238 487 51
3qm1 452 306 52
3qm1 186 403 53
3qm1 457 440 53
3qm1 109 458 56
3qm1 331 247 56
3qm1 493 264 57
3qm1 479 11 59
3qm1 315 40 59
3qm1 60 234 58
3qm1 290 15 63
3qm1 173 31 62
3qm1 296 360 61
3qm1 47 137 64
3qm1 94 188 64
3qm1 97 145 63
3qm1 427 173 64
3qm1 13 227 64
3qm1 421 266 65
3qm1 398 339 65
3qm1 293 129 65
3qm1 253 402 64
3qm1 226 494 66
3qm1 59 111 65
3qm1 469 232 71
3qm1 398 357 69
3qm1 483 24 69
3qm1 488 295 69
3qm1 338 163 71
3qm1 170 44 75
3qm1 278 104 74
3qm1 26 152 74
3qm1 499 224 75
3qm1 92 249 73
3qm1 191 448 74
3qm1 284 120 75
3qm1 418 157 78
3qm1 192 299 77
3qm1 292 353 78
3qm1 411 395 76
3qm1 366 46 80
3qm1 446 415 78
3qm1 354 98 80
3qm1 241 266 80
3qm1 229 243 78
3qm1 93 453 80
3qm1 78 117 84
3qm1 168 235 82
3qm1 260 235 83
3qm1 25 250 83
3qm1 469 218 85
3qm1 438 349 85
3qm1 185 56 86
3qm1 78 168 90
3qm1 290 264 89
3qm1 374 326 90
3qm1 88 421 90
3qm1 159 499 92
3qm1 63 118 91
3qm1 362 91 96
3qm1 477 334 94
3qm1 219 496 96
3qm1 141 467 97
3qm1 404 494 97
3qm1 83 73 96
3qm1 432 311 97
3qm1 90 324 99
3qm1 63 31 99
3qm1 152 263 100
3qm1 361 312 100
3qm1 15 36 101
3qm1 437 83 102
3qm1 226 354 103
3qm1 93 409 105
3qm1 144 333 105
3qm1 435 445 104
3qm1 323 225 107
3qm1 79 247 110
3qm1 479 384 110
3qm1 198 399 109
3qm1 470 502 110
3qm1 410 140 110
3qm1 494 157 111
3qm1 117 170 111
3qm1 148 256 113
3qm1 321 344 109
3qm1 90 48 112
3qm1 318 461 114
3qm1 345 406 112
3qm1 460 173 113
3qm1 104 244 116
3qm1 199 36 117
3qm1 342 211 115
3qm1 302 437 116
3qm1 183 216 115
3qm1 203 289 118
3qm1 135 337 116
3qm1 60 364 120
3qm1 250 368 121
3qm1 290 402 119
3qm1 90 421 121
3qm1 426 449 120
3qm1 287 255 121
3qm1 78 341 122
3qm1 245 122 123
3qm1 389 249 122
3qm1 454 183 124
3qm1 227 268 123
3qm1 212 409 123
3qm1 65 231 124
3qm1 259 50 124
3qm1 114 114 125
3qm1 223 130 125
3qm1 232 363 125
3qm1 216 474 124
3qm1 92 200 125
3qm1 192 478 125
3qm1 52 54 128
3qm1 65 449 131
3qm1 204 167 131
3qm1 458 412 131
3qm1 399 86 131
3qm1 87 475 132
3qm1 65 123 135
3qm1 140 440 133
3qm1 364 13 135
3qm1 96 20 135
3qm1 238 134 136
3qm1 229 348 135
3qm1 219 193 137
3qm1 499 236 138
3qm1 280 199 137
3qm1 321 224 136
3qm1 199 284 137
3qm1 468 176 141
3qm1 269 312 140
3qm1 346 386 141
3qm1 63 424 139
3qm1 301 193 138
3qm1 37 251 138
3qm1 192 272 140
3qm1 195 57 141
3qm1 482 407 141
3qm1 379 376 143
3qm1 346 285 144
3qm1 50 281 146
3qm1 444 468 148
3qm1 166 69 150
3qm1 29 496 148
3qm1 12 455 151
3qm1 184 19 151
3qm1 187 272 151
3qm1 417 422 152
3qm1 184 331 150
3qm1 60 295 151
3qm1 337 107 155
3qm1 487 214 154
3qm1 38 57 156
3qm1 221 145 153
3qm1 145 217 152
3qm1 305 437 154
3qm1 250 54 156
3qm1 372 462 155
3qm1 239 466 155
3qm1 383 38 157
3qm1 494 435 159
3qm1 188 464 161
3qm1 176 346 162
3qm1 456 372 161
3qm1 481 282 162
3qm1 463 110 163
3qm1 33 475 161
3qm1 33 45 163
3qm1 335 92 166
3qm1 422 284 164
3qm1 28 424 165
3qm1 454 317 167
3qm1 241 460 168
3qm1 332 154 170
3qm1 366 177 170
3qm1 43 363 168
3qm1 134 381 170
3qm1 356 93 171
3qm1 392 65 175
3qm1 251 72 173
3qm1 95 438 176
3qm1 280 300 173
3qm1 388 421 177
3qm1 266 466 177
3qm1 267 216 177
3qm1 472 394 178
3qm1 312 110 180
3qm1 142 178 179
3qm1 73 194 179
3qm1 271 284 180
3qm1 401 342 181
3qm1 149 402 178
3qm1 222 44 182
3qm1 125 110 182
3qm1 436 305 183
3qm1 317 128 183
3qm1 434 378 184
3qm1 242 427 181
3qm1 228 434 183
3qm1 261 128 183
3qm1 456 280 182
3qm1 21 386 185
3qm1 349 75 187
3qm1 303 137 186
3qm1 304 16 187
3qm1 77 470 188
3qm1 123 492 188
3qm1 205 207 190
3gl1 58 22 10
3gl1 412 116 12
3gl1 464 449 14
3gl1 151 481 12
3gl1 285 414 14
3gl1 284 418 13
3gl1 43 449 17
3gl1 141 332 18
3gl1 12 116 18
3gl1 470 213 19
3gl1 145 45 20
3gl1 418 166 21
3gl1 25 460 23
3gl1 428 124 25
3gl1 183 264 28
3gl1 67 455 27
3gl1 40 42 27
3gl1 118 425 31
3gl1 13 456 29
3gl1 120 256 32
3gl1 486 61 32
3gl1 401 64 33
3gl1 174 59 33
3gl1 415 169 34
3gl1 464 465 34
3gl1 119 400 34
3gl1 433 426 33
3gl1 385 434 34
3gl1 438 274 36
3gl1 123 321 38
3gl1 29 345 38
3gl1 179 484 37
3gl1 29 112 38
3gl1 357 213 37
3gl1 180 467 38
3gl1 89 264 39
3gl1 183 159 41
3gl1 109 180 39
3gl1 364 84 41
3gl1 470 141 41
3gl1 53 95 45
3gl1 293 206 42
3gl1 291 377 44
3gl1 201 390 45
3gl1 340 163 47
3gl1 121 415 47
3gl1 340 14 50
3gl1 62 85 49
3gl1 412 24 51
3gl1 73 73 50
3gl1 358 95 49
3gl1 457 437 53
3gl1 229 60 51
3gl1 402 382 54
3gl1 32 457 52
3gl1 233 291 55
3gl1 344 448 54
3gl1 495 264 55
3gl1 436 369 56
3gl1 276 405 54
3gl1 153 70 58
3gl1 123 77 60
3gl1 298 75 58
3gl1 239 234 61
3gl1 34 314 61
3gl1 497 111 64
3gl1 164 154 65
3gl1 42 272 66
3gl1 299 410 67
3gl1 103 41 64
3gl1 170 122 66
3gl1 347 87 69
3gl1 224 232 68
3gl1 458 241 69
3gl1 173 308 69
3gl1 337 202 76
3gl1 228 443 73
3gl1 23 228 76
3gl1 355 53 76
3gl1 448 345 76
3gl1 398 305 79
3gl1 25 284 82
3gl1 325 301 83
3gl1 101 38 86
3gl1 69 328 83
3gl1 415 330 86
3gl1 218 131 88
3gl1 259 238 84
3gl1 70 459 84
3gl1 249 43 89
3gl1 314 444 89
3gl1 209 386 89
3gl1 382 490 89
3gl1 429 208 90
3gl1 343 366 90
3gl1 387 408 91
3gl1 314 204 94
3gl1 374 353 94
3gl1 84 65 94
3gl1 281 457 97
3gl1 147 316 98
3gl1 452 455 98
3gl1 112 219 100
3gl1 90 183 101
3gl1 195 163 102
3gl1 353 245 100
3gl1 207 323 102
3gl1 411 18 104
3gl1 3 335 104
3gl1 161 81 104
3gl1 310 168 106
3gl1 436 457 105
3gl1 438 124 106
3gl1 231 68 110
3gl1 47 152 111
3gl1 39 53 113
3gl1 112 433 113
3gl1 238 461 113
3gl1 237 180 113
3gl1 299 436 116
3gl1 165 88 117
3gl1 483 495 119
3gl1 411 274 116
3gl1 110 393 119
3gl1 491 457 121
3gl1 378 340 123
3gl1 275 44 124
3gl1 24 229 124
3gl1 55 308 125
3gl1 52 54 125
3gl1 401 49 126
3gl1 328 235 126
3gl1 155 16 132
3gl1 90 408 130
3gl1 297 466 131
3gl1 323 210 132
3gl1 207 139 132
3gl1 168 12 135
3gl1 175 128 134
3gl1 308 371 136
3gl1 138 374 137
3gl1 474 440 137
3gl1 232 488 138
3gl1 14 194 139
3gl1 348 302 139
3gl1 63 206 141
3gl1 30 346 141
3gl1 194 57 139
3gl1 333 397 143
3gl1 276 290 143
3gl1 491 325 144
3gl1 198 55 142
3gl1 368 152 145
3gl1 85 158 147
3gl1 155 308 148
3gl1 140 382 147
3gl1 18 400 148
3gl1 309 75 146
3gl1 285 193 149
3gl1 460 228 148
3gl1 417 392 150
3gl1 171 388 152
3gl1 158 176 153
3gl1 58 283 152
3gl1 310 18 155
3gl1 152 391 151
3gl1 371 464 152
3gl1 325 205 155
3gl1 52 219 158
3gl1 298 60 160
3gl1 316 248 160
3gl1 302 162 163
3gl1 31 379 159
3gl1 403 467 161
3gl1 435 250 162
3gl1 159 100 164
3gl1 466 27 166
3gl1 83 205 165
3gl1 327 276 167
3gl1 410 458 164
3gl1 420 226 167
3gl1 458 86 166
3gl1 196 483 166
3gl1 202 382 169
3gl1 438 125 171
3gl1 424 43 172
3gl1 270 333 172
3gl1 497 347 172
3gl1 318 103 172
3gl1 280 452 173
3gl1 233 330 175
3gl1 84 47 177
3gl1 69 473 174
3gl1 179 463 178
3gl1 416 241 177
3gl1 248 59 180
3gl1 275 132 178
3gl1 37 174 180
3gl1 297 378 179
3gl1 151 69 182
3gl1 442 437 183
3gl1 334 270 182
3gl1 428 388 184
3gl1 365 240 186
3gl1 369 243 188
3d2f 117 406 6
3d2f 80 183 19
3d2f 283 17 20
3d2f 53 421 19
3d2f 467 472 19
3d2f 26 236 19
3d2f 83 428 15
3d2f 351 417 19
3d2f 158 262 18
3d2f 54 74 25
3d2f 8 119 18
3d2f 483 244 23
3d2f 441 328 19
3d2f 364 374 24
3d2f 222 125 24
3d2f 405 445 27
3d2f 220 473 22
3d2f 311 300 27
3d2f 138 262 29
3d2f 146 410 25
3d2f 422 97 23
3d2f 40 182 30
3d2f 344 294 32
3d2f 89 364 31
3d2f 17 469 24
3d2f 105 58 24
3d2f 476 92 32
3d2f 353 133 31
3d2f 12 458 29
3d2f 460 376 30
3d2f 162 43 33
3d2f 139 220 35
3d2f 377 233 32
3d2f 368 458 32
3d2f 463 350 39
3d2f 276 361 32
3d2f 138 370 38
3d2f 484 64 34
3d2f 190 81 34
3d2f 135 111 41
3d2f 386 432 36
3d2f 407 146 42
3d2f 122 76 45
3d2f 84 208 43
3d2f 114 306 43
3d2f 220 344 41
3d2f 400 316 43
3d2f 207 396 39
3d2f 473 124 49
3d2f 221 328 47
3d2f 416 347 44
3d2f 443 483 47
3d2f 343 162 49
3d2f 28 182 48
3d2f 87 428 49
3d2f 445 74 53
3d2f 454 379 53
3d2f 84 410 56
3d2f 73 124 51
3d2f 229 124 49
3d2f 30 30 57
3d2f 298 232 55
3d2f 470 413 58
3d2f 18 43 57
3d2f 250 150 59
3d2f 446 175 57
3d2f 123 190 60
3d2f 103 211 60
3d2f 437 369 56
3d2f 437 295 60
3d2f 386 474 62
3d2f 258 254 56
3d2f 434 493 59
3d2f 111 38 63
3d2f 345 184 59
3d2f 418 209 65
3d2f 156 482 65
3d2f 284 194 63
3d2f 336 312 65
3d2f 372 42 65
3d2f 318 194 64
3d2f 286 312 62
3d2f 50 230 66
3d2f 495 392 65
3d2f 126 62 67
3d2f 485 320 67
3d2f 462 205 72
3d2f 363 26 64
3d2f 400 326 68
3d2f 293 130 68
3d2f 345 86 75
3d2f 459 242 70
3d2f 26 123 73
3d2f 333 242 80
3d2f 156 260 78
3d2f 460 265 73
3d2f 411 275 74
3d2f 207 340 77
3d2f 312 353 77
3d2f 113 363 77
3d2f 45 379 77
3d2f 343 491 80
3d2f 450 74 75
3d2f 327 273 83
3d2f 89 341 83
3d2f 25 227 77
3d2f 487 362 82
3d2f 20 321 85
3d2f 301 256 77
3d2f 297 196 87
3d2f 100 426 80
3d2f 140 107 84
3d2f 366 460 88
3d2f 98 76 90
3d2f 326 221 89
3d2f 278 277 89
3d2f 161 470 92
3d2f 67 40 86
3d2f 18 70 86
3d2f 162 178 85
3d2f 26 284 85
3d2f 68 330 85
3d2f 20 414 93
3d2f 267 427 92
3d2f 136 454 92
3d2f 91 459 93
3d2f 389 25 91
3d2f 251 75 94
3d2f 101 145 86
3d2f 470 173 95
3d2f 409 299 92
3d2f 466 407 92
3d2f 278 209 92
3d2f 340 367 90
3d2f 412 479 99
3d2f 319 75 94
3d2f 48 39 97
3d2f 309 309 95
3d2f 390 356 99
3d2f 291 63 97
3d2f 166 84 100
3d2f 119 367 104
3d2f 241 146 105
3d2f 205 204 101
3d2f 453 362 99
3d2f 351 244 100
3d2f 194 282 104
3d2f 78 478 99
3d2f 27 375 105
3d2f 160 444 103
3d2f 387 17 108
3d2f 134 317 106
3d2f 129 327 109
3d2f 201 418 110
3d2f 21 319 115
3d2f 154 103 112
3d2f 308 437 112
3d2f 104 81 117
3d2f 384 99 118
3d2f 475 439 118
3d2f 321 307 119
3d2f 290 209 116
3d2f 222 421 118
3d2f 298 455 118
3d2f 428 108 119
3d2f 180 405 121
3d2f 57 94 122
3d2f 299 489 122
3d2f 195 186 118
3d2f 111 393 120
3d2f 477 152 127
3d2f 303 24 127
3d2f 31 61 125
3d2f 27 442 125
3d2f 213 474 125
3d2f 290 332 123
3d2f 296 66 133
3d2f 87 245 133
3d2f 280 60 130
3d2f 371 396 130
3d2f 426 492 133
3d2f 43 24 136
3d2f 109 113 137
3d2f 39 132 137
3d2f 251 479 137
3d2f 101 95 137
3d2f 207 139 134
3d2f 138 346 141
3d2f 192 448 139
3d2f 176 63 143
3d2f 137 149 141
3d2f 333 47 135
3d2f 241 227 141
3d2f 373 320 141
3d2f 120 345 144
3d2f 422 220 145
3d2f 395 258 140
3d2f 239 149 140
3d2f 173 234 143
3d2f 29 361 141
3d2f 108 226 145
3d2f 264 265 146
3d2f 40 113 150
3d2f 491 422 149
3d2f 311 74 147
3d2f 139 85 152
3d2f 88 19 146
3d2f 218 265 149
3d2f 478 250 152
3d2f 198 18 156
3d2f 240 105 157
3d2f 368 147 150
3d2f 399 203 152
3d2f 230 334 149
3d2f 364 340 157
3d2f 197 190 159
3d2f 453 335 157
3d2f 20 127 157
3d2f 138 212 156
3d2f 373 371 157
3d2f 108 296 160
3d2f 217 336 157
3d2f 367 483 161
3d2f 467 393 157
3d2f 490 306 166
3d2f 436 391 164
3d2f 355 450 165
3d2f 110 478 163
3d2f 141 41 164
3d2f 471 61 165
3d2f 436 154 167
3d2f 468 399 163
3d2f 43 415 168
3d2f 83 465 167
3d2f 237 130 170
3d2f 123 311 169
3d2f 193 447 163
3d2f 206 111 162
3d2f 389 308 167
3d2f 225 332 163
3d2f 67 197 172
3d2f 181 418 169
3d2f 15 322 169
3d2f 196 483 167
3d2f 459 86 169
3d2f 209 103 174
3d2f 392 256 169
3d2f 189 334 178
3d2f 196 395 174
3d2f 32 99 177
3d2f 451 122 170
3d2f 383 94 175
3d2f 386 131 177
3d2f 41 278 181
3d2f 428 327 174
3d2f 68 472 176
3d2f 461 76 180
3d2f 221 88 177
3d2f 247 157 180
3d2f 104 198 176
3d2f 191 207 177
3d2f 470 19 179
3d2f 147 30 179
3d2f 453 184 179
3d2f 83 186 179
3d2f 172 488 179
3d2f 272 108 176
3d2f 289 281 176
3d2f 209 435 177
3d2f 103 492 180
3d2f 396 253 178
3d2f 452 150 181
3d2f 420 434 181
3d2f 48 459 185
3d2f 366 241 188
4d8q 182 444 18
4d8q 352 30 19
4d8q 466 338 19
4d8q 216 203 21
4d8q 198 222 21
4d8q 34 304 20
4d8q 408 224 21
4d8q 470 415 22
4d8q 273 424 22
4d8q 448 391 24
4d8q 145 450 25
4d8q 134 238 26
4d8q 257 138 28
4d8q 66 319 28
4d8q 175 331 29
4d8q 254 381 29
4d8q 436 340 30
4d8q 118 449 31
4d8q 174 394 31
4d8q 114 472 31
4d8q 91 70 32
4d8q 270 218 32
4d8q 153 78 32
4d8q 208 234 33
4d8q 264 117 34
4d8q 296 362 34
4d8q 119 49 35
4d8q 426 231 36
4d8q 346 268 36
4d8q 269 352 35
4d8q 268 42 37
4d8q 55 405 39
4d8q 21 281 40
4d8q 267 332 40
4d8q 379 68 41
4d8q 33 388 41
4d8q 357 484 38
4d8q 110 162 42
4d8q 345 243 42
4d8q 242 368 36
4d8q 216 110 42
4d8q 47 233 43
4d8q 194 282 43
4d8q 308 207 44
4d8q 161 292 45
4d8q 59 335 45
4d8q 285 87 47
4d8q 491 207 47
4d8q 281 276 48
4d8q 327 29 50
4d8q 348 210 49
4d8q 126 18 51
4d8q 41 202 51
4d8q 285 348 50
4d8q 357 260 46
4d8q 167 82 53
4d8q 142 297 54
4d8q 328 217 55
4d8q 162 396 54
4d8q 125 48 56
4d8q 398 94 57
4d8q 62 463 57
4d8q 58 491 57
4d8q 357 258 51
4d8q 102 421 58
4d8q 83 31 59
4d8q 39 99 59
4d8q 202 358 61
4d8q 373 101 62
4d8q 191 383 62
4d8q 131 277 63
4d8q 475 265 64
4d8q 234 51 65
4d8q 353 309 64
4d8q 487 371 65
4d8q 383 448 65
4d8q 460 68 66
4d8q 361 212 66
4d8q 395 229 66
4d8q 405 138 66
4d8q 387 254 67
4d8q 205 23 69
4d8q 65 300 69
4d8q 278 299 70
4d8q 472 347 70
4d8q 74 202 70
4d8q 266 373 71
4d8q 340 222 72
4d8q 465 288 64
4d8q 102 330 73
4d8q 437 363 72
4d8q 303 32 70
4d8q 156 27 76
4d8q 426 82 76
4d8q 396 112 80
4d8q 230 294 76
4d8q 448 361 73
4d8q 113 403 77
4d8q 418 408 78
4d8q 123 485 77
4d8q 369 484 80
4d8q 322 150 81
4d8q 44 302 81
4d8q 383 296 81
4d8q 144 385 82
4d8q 413 96 83
4d8q 212 254 85
4d8q 193 160 86
4d8q 156 228 86
4d8q 97 385 86
4d8q 336 170 88
4d8q 101 294 88
4d8q 64 153 89
4d8q 227 177 89
4d8q 473 36 89
4d8q 308 106 90
4d8q 277 479 91
4d8q 120 41 92
4d8q 333 428 92
4d8q 439 27 94
4d8q 192 467 94
4d8q 369 429 96
4d8q 338 40 97
4d8q 135 127 97
4d8q 178 452 98
4d8q 448 335 98
4d8q 484 485 99
4d8q 223 403 100
4d8q 152 378 100
4d8q 301 88 102
4d8q 272 263 102
4d8q 464 192 106
4d8q 57 326 106
4d8q 237 486 106
4d8q 340 142 103
4d8q 105 270 108
4d8q 274 81 109
4d8q 386 139 109
4d8q 168 336 111
4d8q 403 444 111
4d8q 351 435 112
4d8q 316 256 113
4d8q 435 317 112
4d8q 461 469 113
4d8q 215 150 113
4d8q 309 320 113
4d8q 259 447 114
4d8q 218 183 115
4d8q 135 448 115
4d8q 479 168 116
4d8q 486 104 117
4d8q 441 108 115
4d8q 354 47 118
4d8q 234 231 118
4d8q 176 358 118
4d8q 62 75 119
4d8q 113 344 118
4d8q 453 368 118
4d8q 144 35 114
4d8q 423 40 120
4d8q 289 354 121
4d8q 25 264 121
4d8q 358 463 121
4d8q 100 227 122
4d8q 308 340 122
4d8q 296 270 125
4d8q 357 417 123
4d8q 183 459 125
4d8q 330 175 126
4d8q 304 173 127
4d8q 374 26 129
4d8q 391 147 129
4d8q 272 441 129
4d8q 179 290 130
4d8q 393 344 130
4d8q 126 439 131
4d8q 63 41 132
4d8q 131 106 133
4d8q 358 350 130
4d8q 161 277 134
4d8q 141 283 133
4d8q 228 400 135
4d8q 354 236 129
4d8q 301 298 135
4d8q 434 368 130
4d8q 240 417 128
4d8q 276 36 138
4d8q 456 43 137
4d8q 72 372 137
4d8q 373 444 138
4d8q 260 181 139
4d8q 227 108 140
4d8q 429 169 138
4d8q 344 214 140
4d8q 275 248 140
4d8q 189 390 140
4d8q 82 38 141
4d8q 297 347 141
4d8q 350 174 141
4d8q 153 204 142
4d8q 356 236 134
4d8q 156 244 142
4d8q 161 52 144
4d8q 492 73 138
4d8q 461 150 143
4d8q 323 108 145
4d8q 380 132 144
4d8q 321 439 145
4d8q 219 482 145
4d8q 479 46 146
4d8q 75 136 146
4d8q 214 31 148
4d8q 149 412 149
4d8q 431 428 149
4d8q 306 392 149
4d8q 331 415 150
4d8q 180 44 151
4d8q 288 67 151
4d8q 107 311 150
4d8q 76 84 152
4d8q 212 357 144
4d8q 65 489 153
4d8q 339 139 154
4d8q 381 164 154
4d8q 397 285 154
4d8q 57 420 155
4d8q 204 257 156
4d8q 314 266 157
4d8q 347 395 158
4d8q 293 361 158
4d8q 55 126 162
4d8q 342 222 162
4d8q 448 207 162
4d8q 224 40 164
4d8q 280 43 165
4d8q 430 133 160
4d8q 62 100 167
4d8q 387 193 167
4d8q 425 184 167
4d8q 299 69 168
4d8q 107 376 170
4d8q 70 262 172
4d8q 155 374 172
4d8q 84 135 173
4d8q 191 258 173
4d8q 158 276 173
4d8q 214 466 173
4d8q 328 196 174
4d8q 384 213 172
4d8q 377 274 175
4d8q 56 304 174
4d8q 234 209 176
4d8q 257 483 176
4d8q 457 38 177
4d8q 347 108 177
4d8q 122 223 177
4d8q 30 371 178
4d8q 410 475 178
4d8q 466 124 178
4d8q 428 88 180
4d8q 183 122 179
4d8q 486 126 180
4d8q 300 253 180
1bxn 287 301 12
1bxn 109 343 12
1bxn 123 274 14
1bxn 490 91 15
1bxn 33 138 15
1bxn 441 231 15
1bxn 428 254 15
1bxn 166 164 16
1bxn 323 402 17
1bxn 172 76 18
1bxn 61 446 18
1bxn 334 303 20
1bxn 30 363 19
1bxn 320 364 19
1bxn 463 236 19
1bxn 274 394 20
1bxn 424 445 20
1bxn 190 468 20
1bxn 230 401 21
1bxn 287 42 22
1bxn 217 152 22
1bxn 370 163 23
1bxn 127 374 23
1bxn 409 55 24
1bxn 393 135 24
1bxn 257 254 23
1bxn 197 313 24
1bxn 427 183 25
1bxn 350 337 25
1bxn 205 116 27
1bxn 304 139 26
1bxn 477 199 27
1bxn 379 404 27
1bxn 487 425 27
1bxn 292 486 27
1bxn 472 496 28
1bxn 208 50 28
1bxn 259 477 29
1bxn 112 371 30
1bxn 98 391 30
1bxn 368 48 32
1bxn 286 434 33
1bxn 477 168 36
1bxn 219 442 35
1bxn 78 147 37
1bxn 87 125 37
1bxn 257 453 38
1bxn 289 168 39
1bxn 172 456 41
1bxn 71 16 42
1bxn 423 287 43
1bxn 137 136 43
1bxn 401 364 44
1bxn 480 382 44
1bxn 371 382 44
1bxn 276 134 46
1bxn 442 407 47
1bxn 356 424 47
1bxn 146 353 48
1bxn 365 441 49
1bxn 122 134 50
1bxn 85 235 51
1bxn 216 84 52
1bxn 298 251 52
1bxn 322 465 52
1bxn 493 120 53
1bxn 282 452 54
1bxn 155 492 53
1bxn 493 37 54
1bxn 50 444 58
1bxn 315 479 58
1bxn 211 102 60
1bxn 480 464 59
1bxn 18 337 60
1bxn 252 339 60
1bxn 488 143 61
1bxn 123 218 60
1bxn 490 276 63
1bxn 455 313 64
1bxn 372 413 63
1bxn 468 283 65
1bxn 149 347 65
1bxn 441 108 66
1bxn 222 259 65
1bxn 227 361 64
1bxn 127 435 66
1bxn 301 164 68
1bxn 270 69 71
1bxn 341 266 68
1bxn 351 391 70
1bxn 450 279 71
1bxn 35 200 72
1bxn 435 395 69
1bxn 259 35 75
1bxn 207 53 76
1bxn 496 67 77
1bxn 427 318 78
1bxn 372 321 76
1bxn 254 326 77
1bxn 72 341 74
1bxn 65 384 75
1bxn 300 461 75
1bxn 468 439 79
1bxn 221 223 80
1bxn 231 108 82
1bxn 291 226 82
1bxn 48 71 83
1bxn 360 338 82
1bxn 302 493 83
1bxn 478 127 84
1bxn 31 57 85
1bxn 256 105 85
1bxn 81 184 87
1bxn 46 409 87
1bxn 191 132 87
1bxn 433 154 85
1bxn 170 211 88
1bxn 13 104 89
1bxn 464 157 89
1bxn 91 310 89
1bxn 465 343 89
1bxn 463 254 89
1bxn 309 464 91
1bxn 449 485 92
1bxn 162 255 92
1bxn 270 335 92
1bxn 195 365 92
1bxn 27 24 93
1bxn 381 65 91
1bxn 396 287 93
1bxn 94 103 94
1bxn 175 46 96
1bxn 83 148 98
1bxn 181 128 99
1bxn 122 155 99
1bxn 53 200 99
1bxn 289 49 97
1bxn 350 62 99
1bxn 299 290 97
1bxn 401 201 102
1bxn 250 398 102
1bxn 253 424 102
1bxn 104 19 102
1bxn 394 483 103
1bxn 180 492 104
1bxn 460 97 105
1bxn 15 400 105
1bxn 487 14 106
1bxn 68 114 107
1bxn 61 132 108
1bxn 135 144 107
1bxn 29 429 108
1bxn 285 494 107
1bxn 159 317 109
1bxn 354 182 110
1bxn 468 320 110
1bxn 246 188 111
1bxn 255 18 114
1bxn 256 361 114
1bxn 349 382 115
1bxn 72 453 112
1bxn 382 401 117
1bxn 321 408 116
1bxn 371 437 116
1bxn 375 215 118
1bxn 257 250 118
1bxn 109 449 118
1bxn 137 497 118
1bxn 145 31 115
1bxn 186 254 119
1bxn 25 46 120
1bxn 198 82 120
1bxn 21 188 122
1bxn 260 400 121
1bxn 413 480 122
1bxn 447 492 122
1bxn 270 228 123
1bxn 363 274 122
1bxn 147 466 124
1bxn 186 335 124
1bxn 463 226 127
1bxn 228 478 127
1bxn 194 100 129
1bxn 362 349 130
1bxn 429 356 124
1bxn 246 38 131
1bxn 346 148 131
1bxn 227 283 131
1bxn 80 443 126
1bxn 449 14 133
1bxn 236 70 127
1bxn 96 173 133
1bxn 146 282 134
1bxn 38 299 134
1bxn 146 440 133
1bxn 35 102 135
1bxn 366 498 134
1bxn 255 122 136
1bxn 57 86 138
1bxn 282 396 138
1bxn 170 454 139
1bxn 206 111 140
1bxn 434 167 139
1bxn 46 342 140
1bxn 421 34 142
1bxn 45 315 142
1bxn 291 444 145
1bxn 329 174 145
1bxn 255 441 147
1bxn 340 249 148
1bxn 237 285 144
1bxn 199 75 149
1bxn 439 263 151
1bxn 249 266 152
1bxn 364 279 154
1bxn 274 474 153
1bxn 492 486 154
1bxn 262 86 154
1bxn 434 135 155
1bxn 483 180 155
1bxn 213 237 152
1bxn 249 217 156
1bxn 81 440 157
1bxn 279 273 158
1bxn 256 282 158
1bxn 414 77 159
1bxn 385 109 159
1bxn 485 145 160
1bxn 75 218 161
1bxn 117 251 161
1bxn 243 361 163
1bxn 473 380 167
1bxn 112 456 167
1bxn 305 179 169
1bxn 262 442 169
1bxn 212 496 169
1bxn 170 328 170
1bxn 114 17 171
1bxn 405 39 173
1bxn 470 154 172
1bxn 487 364 172
1bxn 65 495 174
1bxn 156 169 175
1bxn 137 143 176
1bxn 103 32 177
1bxn 38 119 178
1bxn 36 220 178
1bxn 115 260 178
1bxn 15 169 179
1bxn 273 162 180
1bxn 491 236 181
1bxn 310 473 180
1bxn 414 158 181
1bxn 148 496 181
1bxn 291 108 183
1bxn 441 220 184
1bxn 195 280 184
1bxn 218 401 184
1bxn 479 57 184
1bxn 404 86 185
1bxn 142 416 185
